[[0, 0, 0, 0, 0, 0, 0, 0, 0, 0, 0, 0, 0, 0, 0, 0, 0, 0, 0, 0, 0, 0, 0, 0, 0, 0, 4, 44, 30, 29, 7, 8, 36, 9, 24, 4, 6, 68, 44, 40, 0, 32, 2, 75, 29, 21, 21, 14, 13, 12, 8, 16, 64, 11, 15, 20, 61, 1, 29, 12, 73, 0, 15, 29, 29, 16, 61, 16, 0, 44, 17, 28, 28, 6, 4, 1, 13, 3, 85, 4, 14, 12, 106, 5, 11, 13, 59, 0, 8, 34, 16, 47, 49, 6, 0, 42, 16, 23, 18, 4, 6, 1, 12, 5, 42, 2, 10, 48, 76, 0, 7, 13, 23, 1, 8, 24, 13, 34, 21, 7, 0, 31, 162, 39, 2, 0, 2, 2, 26, 3],
[0, 0, 0, 0, 0, 0, 0, 0, 0, 0, 0, 0, 0, 0, 0, 0, 0, 0, 0, 0, 0, 0, 0, 0, 0, 0, 142, 0, 0, 0, 103, 0, 0, 8, 79, 0, 0, 61, 0, 0, 153, 0, 0, 78, 0, 0, 100, 0, 2, 0, 9, 0, 79, 21, 20, 23, 38, 18, 21, 7, 41, 5, 16, 45, 17, 71, 47, 6, 0, 86, 43, 38, 37, 8, 19, 5, 14, 10, 51, 24, 21, 41, 106, 21, 31, 14, 36, 3, 45, 35, 19, 42, 40, 11, 1, 34, 31, 69, 22, 6, 7, 1, 11, 13, 39, 1, 4, 39, 76, 2, 8, 19, 24, 1, 12, 15, 7, 22, 29, 3, 0, 21, 277, 36, 9, 0, 2, 3, 85, 1],
[0, 0, 0, 0, 0, 0, 0, 0, 0, 0, 0, 0, 0, 0, 0, 0, 0, 0, 0, 0, 0, 0, 0, 0, 0, 0, 136, 0, 0, 0, 40, 0, 0, 106, 29, 0, 0, 66, 0, 1, 190, 0, 0, 66, 0, 1, 70, 0, 1, 0, 15, 1, 78, 18, 14, 23, 38, 5, 8, 6, 68, 2, 6, 46, 37, 41, 79, 27, 1, 81, 31, 25, 42, 14, 10, 6, 9, 7, 38, 21, 28, 25, 134, 19, 17, 3, 40, 0, 24, 38, 32, 41, 37, 48, 1, 41, 22, 53, 17, 15, 13, 0, 8, 7, 38, 12, 9, 39, 82, 4, 6, 13, 24, 0, 15, 20, 8, 22, 34, 9, 0, 24, 245, 38, 5, 0, 1, 10, 62, 2],
[0, 0, 0, 0, 0, 0, 0, 0, 0, 0, 0, 0, 0, 0, 0, 0, 0, 0, 0, 0, 0, 0, 0, 0, 0, 0, 81, 0, 0, 0, 112, 0, 0, 11, 85, 2, 0, 0, 0, 0, 138, 0, 0, 52, 2, 0, 72, 0, 9, 0, 5, 1, 46, 18, 29, 13, 35, 10, 13, 3, 25, 1, 14, 33, 29, 47, 39, 12, 0, 67, 22, 18, 26, 22, 25, 8, 8, 7, 56, 23, 19, 14, 102, 10, 17, 9, 33, 0, 34, 41, 19, 33, 31, 18, 0, 23, 19, 37, 10, 6, 5, 2, 4, 5, 28, 3, 6, 33, 51, 3, 6, 12, 13, 0, 4, 14, 7, 18, 22, 0, 0, 28, 229, 30, 0, 0, 0, 2, 61, 0],
[0, 0, 0, 0, 0, 0, 0, 0, 0, 0, 0, 0, 0, 0, 0, 0, 0, 0, 0, 0, 0, 0, 0, 0, 0, 0, 18, 4, 5, 8, 4, 1, 7, 1, 7, 1, 1, 21, 29, 24, 2, 10, 2, 20, 10, 14, 5, 7, 4, 18, 7, 1, 14, 9, 3, 7, 23, 4, 12, 13, 24, 1, 7, 4, 8, 7, 22, 5, 0, 16, 13, 7, 16, 11, 1, 0, 3, 1, 19, 0, 12, 10, 54, 0, 4, 4, 18, 1, 2, 10, 6, 19, 23, 3, 0, 15, 6, 12, 5, 3, 2, 0, 3, 0, 5, 1, 2, 23, 35, 0, 7, 1, 5, 0, 2, 7, 4, 14, 3, 1, 0, 15, 75, 18, 0, 0, 6, 2, 5, 0],
[0, 0, 0, 0, 0, 0, 0, 0, 0, 0, 0, 0, 0, 0, 0, 0, 0, 0, 0, 0, 0, 0, 0, 0, 0, 0, 87, 0, 0, 0, 66, 0, 0, 0, 71, 1, 0, 66, 0, 0, 64, 0, 0, 47, 0, 0, 52, 0, 0, 0, 6, 0, 43, 5, 18, 12, 38, 8, 14, 2, 32, 1, 10, 30, 10, 36, 29, 0, 3, 56, 21, 19, 32, 8, 4, 8, 13, 8, 16, 11, 13, 24, 98, 7, 18, 5, 27, 0, 17, 31, 20, 26, 15, 6, 0, 27, 18, 46, 8, 2, 9, 3, 4, 9, 20, 0, 2, 32, 50, 2, 1, 12, 9, 1, 3, 10, 6, 9, 10, 3, 0, 25, 187, 20, 3, 0, 0, 2, 52, 1],
[0, 0, 0, 0, 0, 0, 0, 0, 0, 0, 0, 0, 0, 0, 0, 0, 0, 0, 0, 0, 0, 0, 0, 0, 0, 0, 106, 0, 0, 0, 54, 0, 0, 7, 48, 0, 0, 58, 0, 7, 92, 0, 0, 71, 0, 0, 55, 0, 1, 0, 23, 0, 53, 19, 3, 11, 37, 5, 10, 0, 42, 2, 0, 40, 29, 49, 45, 13, 1, 52, 19, 18, 35, 5, 11, 1, 15, 7, 32, 26, 15, 28, 70, 15, 16, 6, 24, 4, 16, 30, 32, 28, 27, 32, 0, 20, 28, 36, 15, 4, 6, 0, 4, 8, 24, 0, 2, 22, 59, 10, 2, 16, 9, 0, 6, 13, 5, 12, 22, 8, 0, 17, 195, 30, 0, 1, 0, 1, 66, 2],
[0, 0, 0, 0, 0, 0, 0, 0, 0, 0, 0, 0, 0, 0, 0, 0, 0, 0, 0, 0, 0, 0, 0, 0, 0, 0, 119, 0, 0, 0, 80, 0, 0, 0, 41, 0, 0, 0, 0, 0, 121, 0, 0, 0, 0, 0, 37, 0, 1, 0, 20, 0, 18, 6, 8, 15, 10, 7, 10, 3, 21, 7, 18, 56, 25, 37, 21, 16, 0, 45, 20, 11, 17, 10, 15, 7, 9, 7, 32, 6, 9, 17, 95, 13, 17, 12, 16, 3, 28, 33, 16, 16, 13, 13, 0, 20, 16, 25, 9, 3, 1, 0, 2, 4, 29, 2, 3, 37, 30, 2, 3, 14, 7, 0, 4, 7, 7, 13, 7, 1, 0, 17, 175, 11, 3, 0, 0, 2, 43, 2],
[0, 0, 0, 0, 0, 0, 0, 0, 0, 0, 0, 0, 0, 0, 0, 0, 0, 0, 0, 0, 0, 0, 0, 0, 0, 0, 2, 1, 11, 9, 0, 1, 3, 1, 0, 0, 3, 9, 20, 41, 4, 1, 0, 7, 7, 2, 0, 2, 0, 4, 0, 3, 13, 4, 5, 10, 10, 3, 3, 5, 15, 0, 6, 7, 5, 4, 9, 5, 0, 3, 5, 11, 4, 1, 1, 0, 1, 1, 17, 2, 0, 5, 27, 0, 1, 2, 15, 0, 1, 10, 2, 10, 8, 3, 0, 14, 1, 2, 10, 0, 0, 0, 1, 0, 6, 1, 3, 13, 15, 0, 2, 1, 5, 0, 1, 7, 6, 6, 7, 0, 0, 9, 31, 11, 0, 0, 3, 2, 2, 0],
[0, 0, 0, 0, 0, 0, 0, 0, 0, 0, 0, 0, 0, 0, 0, 0, 0, 0, 0, 0, 0, 0, 0, 0, 0, 0, 52, 0, 0, 0, 31, 0, 0, 1, 27, 0, 0, 0, 0, 1, 40, 0, 0, 0, 0, 0, 30, 0, 0, 0, 0, 0, 6, 11, 8, 7, 6, 5, 10, 4, 2, 1, 10, 13, 16, 16, 2, 6, 0, 17, 8, 8, 8, 8, 8, 1, 1, 0, 20, 8, 1, 1, 45, 3, 8, 0, 6, 0, 13, 12, 4, 12, 14, 8, 0, 5, 1, 11, 8, 0, 0, 0, 1, 1, 7, 1, 0, 15, 12, 0, 0, 0, 1, 0, 0, 10, 3, 7, 5, 3, 0, 8, 81, 3, 1, 0, 0, 0, 25, 0],
[0, 0, 0, 0, 0, 0, 0, 0, 0, 0, 0, 0, 0, 0, 0, 0, 0, 0, 0, 0, 0, 0, 0, 0, 0, 0, 82, 1, 0, 0, 59, 0, 0, 14, 57, 0, 0, 10, 0, 23, 44, 0, 0, 18, 1, 0, 25, 2, 1, 0, 18, 0, 39, 14, 5, 13, 26, 5, 5, 5, 19, 1, 10, 32, 14, 30, 20, 15, 0, 38, 9, 23, 15, 5, 4, 1, 4, 3, 42, 13, 8, 14, 35, 8, 9, 8, 28, 3, 16, 12, 7, 24, 25, 16, 0, 23, 8, 23, 17, 5, 4, 0, 3, 4, 23, 3, 0, 3, 29, 3, 8, 10, 16, 0, 9, 16, 6, 8, 9, 3, 0, 10, 156, 13, 6, 0, 2, 1, 19, 2],
[0, 0, 0, 0, 0, 0, 0, 0, 0, 0, 0, 0, 0, 0, 0, 0, 0, 0, 0, 0, 0, 0, 0, 0, 0, 0, 119, 0, 0, 0, 78, 0, 0, 0, 96, 0, 0, 1, 0, 0, 119, 0, 0, 0, 0, 0, 53, 0, 1, 0, 21, 0, 35, 16, 24, 14, 16, 8, 21, 5, 17, 0, 11, 10, 40, 48, 16, 16, 0, 36, 29, 39, 23, 23, 17, 11, 3, 10, 36, 8, 12, 19, 130, 8, 20, 13, 37, 1, 22, 7, 11, 27, 18, 15, 0, 35, 14, 27, 15, 7, 0, 0, 0, 6, 32, 0, 5, 42, 42, 0, 2, 16, 14, 0, 0, 7, 4, 27, 9, 2, 0, 27, 196, 11, 1, 0, 0, 4, 47, 0],
[0, 0, 0, 0, 0, 0, 0, 0, 0, 0, 0, 0, 0, 0, 0, 0, 0, 0, 0, 0, 0, 0, 0, 0, 0, 0, 159, 1, 0, 0, 88, 0, 0, 1, 96, 0, 0, 0, 0, 1, 139, 1, 0, 0, 0, 0, 84, 1, 0, 0, 14, 1, 19, 7, 30, 16, 9, 8, 9, 11, 26, 2, 12, 62, 20, 70, 26, 8, 1, 76, 51, 50, 17, 8, 10, 14, 9, 15, 44, 5, 12, 18, 115, 5, 26, 22, 51, 0, 27, 41, 9, 21, 30, 8, 0, 35, 29, 49, 19, 7, 3, 0, 1, 9, 44, 1, 7, 43, 64, 1, 1, 15, 14, 0, 4, 14, 2, 13, 20, 1, 0, 25, 228, 17, 3, 0, 1, 3, 64, 1],
[0, 0, 0, 0, 0, 0, 0, 0, 0, 0, 0, 0, 0, 0, 0, 0, 0, 0, 0, 0, 0, 0, 0, 0, 0, 0, 74, 0, 0, 1, 59, 0, 5, 0, 50, 0, 1, 0, 0, 0, 70, 0, 0, 0, 0, 0, 24, 0, 0, 0, 4, 0, 14, 10, 10, 16, 13, 6, 9, 3, 14, 0, 8, 11, 20, 20, 9, 12, 1, 29, 9, 23, 12, 11, 13, 8, 3, 4, 32, 7, 7, 9, 57, 10, 3, 7, 20, 1, 13, 22, 10, 13, 14, 10, 0, 11, 8, 15, 10, 6, 0, 0, 1, 2, 19, 5, 2, 17, 23, 1, 1, 5, 7, 0, 1, 15, 3, 4, 7, 1, 0, 14, 117, 8, 4, 0, 2, 0, 31, 1],
[0, 0, 0, 0, 0, 0, 0, 0, 0, 0, 0, 0, 0, 0, 0, 0, 0, 0, 0, 0, 0, 0, 0, 0, 0, 0, 11, 13, 12, 11, 0, 5, 11, 4, 5, 1, 5, 14, 9, 12, 10, 9, 0, 28, 7, 4, 21, 8, 9, 9, 1, 2, 19, 6, 10, 3, 29, 3, 4, 7, 26, 1, 5, 20, 7, 7, 11, 9, 0, 10, 9, 23, 2, 2, 0, 0, 2, 6, 25, 2, 2, 2, 57, 0, 1, 9, 30, 1, 4, 16, 4, 11, 12, 3, 0, 12, 4, 8, 10, 2, 0, 1, 5, 0, 9, 0, 7, 20, 23, 0, 5, 5, 7, 0, 0, 6, 8, 10, 3, 2, 0, 18, 75, 11, 1, 1, 1, 0, 9, 0],
[0, 0, 0, 0, 0, 0, 0, 0, 0, 0, 0, 0, 0, 0, 0, 0, 0, 0, 0, 0, 0, 0, 0, 0, 0, 0, 143, 0, 0, 0, 101, 0, 0, 20, 93, 0, 0, 45, 0, 0, 131, 0, 0, 73, 9, 0, 80, 0, 1, 0, 19, 1, 54, 6, 28, 20, 52, 2, 16, 3, 39, 2, 25, 72, 11, 69, 71, 25, 0, 86, 24, 37, 24, 8, 16, 8, 14, 4, 67, 4, 19, 20, 118, 9, 28, 12, 41, 3, 45, 37, 24, 49, 40, 27, 0, 29, 34, 62, 16, 11, 3, 1, 10, 7, 51, 0, 2, 39, 74, 5, 7, 9, 24, 0, 8, 19, 7, 29, 33, 5, 0, 21, 254, 26, 10, 1, 5, 4, 80, 3],
[0, 0, 0, 0, 0, 0, 0, 0, 0, 0, 0, 0, 0, 0, 0, 0, 0, 0, 0, 0, 0, 0, 0, 0, 0, 0, 5, 0, 0, 0, 0, 0, 0, 0, 1, 0, 0, 0, 0, 0, 2, 0, 0, 0, 0, 0, 47, 0, 0, 0, 0, 0, 14, 2, 0, 1, 6, 0, 0, 0, 17, 1, 0, 0, 0, 1, 8, 2, 0, 2, 0, 0, 0, 0, 0, 0, 1, 0, 4, 0, 1, 4, 0, 2, 1, 1, 8, 0, 1, 3, 3, 8, 0, 4, 0, 4, 3, 4, 0, 0, 0, 0, 4, 0, 4, 0, 0, 2, 7, 3, 0, 2, 0, 0, 2, 1, 0, 4, 2, 0, 1, 1, 17, 7, 1, 0, 0, 0, 1, 0],
[0, 0, 0, 0, 0, 0, 0, 0, 0, 0, 0, 0, 0, 0, 0, 0, 0, 0, 0, 0, 0, 0, 0, 0, 0, 0, 121, 0, 0, 0, 151, 0, 0, 12, 62, 0, 0, 0, 0, 0, 110, 0, 0, 0, 0, 0, 59, 0, 0, 0, 8, 0, 28, 24, 25, 29, 19, 16, 25, 4, 29, 6, 16, 16, 34, 46, 21, 21, 1, 15, 40, 37, 13, 16, 20, 3, 10, 9, 47, 4, 8, 23, 134, 12, 15, 12, 56, 1, 19, 26, 17, 25, 22, 17, 0, 10, 10, 42, 17, 4, 0, 0, 1, 1, 22, 3, 5, 42, 65, 0, 8, 8, 9, 0, 2, 17, 3, 32, 16, 3, 0, 16, 187, 25, 0, 0, 3, 9, 48, 0],
[0, 0, 0, 0, 0, 0, 0, 0, 0, 0, 0, 0, 0, 0, 0, 0, 0, 0, 0, 0, 0, 0, 0, 0, 0, 0, 142, 0, 75, 2, 111, 0, 0, 96, 88, 0, 68, 58, 28, 45, 119, 97, 6, 0, 0, 118, 63, 0, 51, 0, 28, 0, 170, 24, 23, 26, 134, 9, 20, 9, 128, 5, 19, 67, 33, 52, 131, 22, 0, 112, 13, 26, 93, 7, 23, 10, 32, 7, 102, 25, 21, 49, 184, 20, 47, 21, 65, 3, 31, 78, 40, 62, 70, 56, 0, 86, 30, 87, 45, 18, 31, 0, 15, 9, 64, 9, 6, 72, 126, 13, 19, 33, 24, 0, 32, 55, 24, 51, 31, 23, 0, 67, 395, 63, 5, 1, 9, 3, 64, 6],
[0, 0, 0, 0, 0, 0, 0, 0, 0, 0, 0, 0, 0, 0, 0, 0, 0, 0, 0, 0, 0, 0, 0, 0, 0, 0, 142, 0, 0, 0, 89, 0, 0, 58, 64, 0, 0, 0, 0, 0, 121, 0, 0, 81, 6, 0, 57, 0, 25, 0, 22, 1, 61, 14, 23, 4, 50, 14, 13, 4, 58, 1, 18, 48, 29, 59, 32, 36, 2, 69, 20, 27, 28, 3, 19, 12, 15, 7, 52, 8, 14, 22, 126, 13, 27, 16, 38, 1, 27, 35, 20, 52, 37, 23, 0, 34, 24, 52, 19, 1, 7, 0, 9, 9, 44, 0, 7, 43, 71, 5, 2, 10, 22, 0, 22, 17, 4, 22, 14, 8, 2, 31, 261, 16, 3, 0, 2, 2, 57, 1],
[0, 0, 0, 0, 0, 0, 0, 0, 0, 0, 0, 0, 0, 0, 0, 0, 0, 0, 0, 0, 0, 0, 0, 0, 0, 0, 0, 0, 0, 2, 0, 0, 2, 2, 0, 0, 1, 12, 18, 63, 0, 17, 0, 30, 5, 1, 0, 3, 0, 0, 0, 0, 18, 15, 6, 7, 13, 1, 9, 2, 7, 2, 3, 9, 8, 7, 1, 11, 1, 8, 11, 5, 5, 2, 3, 0, 1, 1, 41, 1, 1, 1, 36, 0, 0, 1, 23, 0, 0, 5, 3, 5, 13, 1, 0, 11, 2, 5, 6, 0, 0, 0, 1, 0, 8, 0, 2, 21, 20, 0, 5, 3, 6, 0, 2, 5, 4, 13, 1, 3, 1, 5, 23, 11, 2, 0, 5, 6, 10, 0],
[0, 0, 0, 0, 0, 0, 0, 0, 0, 0, 0, 0, 0, 0, 0, 0, 0, 0, 0, 0, 0, 0, 0, 0, 0, 0, 45, 0, 0, 0, 46, 0, 0, 0, 59, 0, 0, 3, 0, 0, 32, 0, 0, 6, 0, 0, 8, 0, 0, 0, 0, 0, 7, 3, 6, 5, 9, 2, 13, 1, 13, 0, 2, 28, 4, 24, 7, 3, 0, 24, 14, 11, 5, 5, 3, 6, 0, 4, 20, 1, 3, 11, 48, 1, 9, 4, 17, 0, 1, 16, 2, 7, 6, 5, 0, 10, 2, 20, 9, 4, 3, 0, 0, 0, 18, 1, 4, 15, 21, 0, 0, 2, 2, 0, 0, 7, 2, 5, 4, 0, 0, 12, 75, 4, 5, 0, 2, 3, 17, 0],
[0, 0, 0, 0, 0, 0, 0, 0, 0, 0, 0, 0, 0, 0, 0, 0, 0, 0, 0, 0, 0, 0, 0, 0, 0, 0, 101, 0, 0, 0, 49, 0, 0, 48, 61, 0, 0, 0, 0, 0, 40, 0, 0, 16, 0, 0, 8, 0, 0, 0, 6, 0, 23, 2, 8, 15, 25, 10, 7, 1, 35, 1, 10, 35, 8, 36, 23, 3, 1, 25, 16, 12, 8, 6, 5, 7, 3, 4, 9, 6, 4, 22, 73, 11, 16, 8, 8, 1, 22, 26, 11, 16, 8, 16, 0, 11, 13, 31, 6, 1, 3, 0, 3, 4, 15, 1, 0, 27, 26, 2, 2, 5, 1, 0, 4, 5, 1, 7, 7, 5, 0, 15, 150, 16, 2, 0, 0, 0, 35, 3],
[0, 0, 0, 0, 0, 0, 0, 0, 0, 0, 0, 0, 0, 0, 0, 0, 0, 0, 0, 0, 0, 0, 0, 0, 0, 0, 0, 0, 0, 0, 7, 0, 0, 0, 0, 0, 0, 0, 0, 0, 1, 0, 0, 1, 0, 0, 0, 0, 0, 0, 7, 0, 2, 1, 0, 0, 0, 0, 0, 0, 0, 0, 0, 5, 0, 3, 0, 0, 0, 3, 2, 0, 0, 0, 0, 0, 0, 0, 1, 0, 0, 0, 2, 0, 0, 0, 4, 0, 0, 0, 0, 1, 3, 0, 0, 0, 0, 2, 1, 0, 0, 0, 2, 0, 2, 0, 4, 0, 0, 0, 0, 0, 1, 0, 0, 2, 1, 2, 0, 0, 0, 0, 3, 0, 0, 0, 0, 1, 0, 0],
[0, 0, 0, 0, 0, 0, 0, 0, 0, 0, 0, 0, 0, 0, 0, 0, 0, 0, 0, 0, 0, 0, 0, 0, 0, 0, 45, 1, 3, 2, 36, 1, 0, 0, 12, 0, 0, 3, 2, 0, 41, 0, 0, 4, 1, 1, 23, 0, 0, 0, 0, 0, 10, 5, 13, 4, 5, 2, 11, 1, 4, 1, 14, 13, 8, 9, 6, 9, 0, 24, 4, 5, 10, 2, 12, 2, 0, 1, 9, 5, 7, 6, 36, 3, 2, 5, 10, 0, 22, 8, 5, 7, 6, 13, 0, 11, 3, 12, 3, 1, 0, 0, 0, 1, 11, 0, 2, 15, 11, 0, 0, 5, 0, 0, 3, 3, 2, 10, 6, 0, 0, 3, 83, 5, 0, 0, 1, 0, 15, 0],
[0, 0, 0, 0, 0, 0, 0, 0, 0, 0, 0, 0, 0, 0, 0, 0, 0, 0, 0, 0, 0, 0, 0, 0, 0, 0, 20, 0, 0, 0, 14, 0, 0, 1, 24, 0, 0, 2, 0, 0, 31, 0, 0, 0, 0, 0, 6, 0, 0, 0, 4, 0, 2, 7, 2, 1, 3, 1, 3, 0, 6, 0, 1, 5, 8, 20, 10, 8, 0, 10, 1, 3, 1, 0, 2, 2, 1, 5, 14, 4, 5, 5, 17, 3, 2, 0, 12, 1, 7, 3, 2, 2, 3, 6, 0, 3, 2, 5, 4, 0, 0, 0, 0, 2, 12, 2, 1, 2, 9, 0, 0, 1, 2, 0, 0, 4, 3, 6, 8, 0, 0, 1, 37, 4, 0, 0, 0, 0, 9, 0],
[4, 142, 136, 81, 18, 87, 106, 119, 2, 52, 82, 119, 159, 74, 11, 143, 5, 121, 142, 142, 0, 45, 101, 0, 45, 20, 0, 0, 0, 0, 0, 0, 0, 0, 0, 0, 0, 0, 0, 0, 0, 0, 0, 0, 0, 0, 0, 0, 0, 0, 0, 0, 21, 59, 78, 69, 16, 26, 65, 22, 128, 15, 72, 162, 114, 192, 7, 73, 3, 273, 105, 105, 96, 64, 75, 28, 44, 44, 175, 42, 48, 79, 453, 33, 70, 48, 141, 9, 108, 106, 45, 73, 97, 62, 0, 85, 57, 124, 60, 15, 4, 0, 4, 18, 155, 9, 12, 158, 158, 6, 1, 41, 65, 2, 18, 38, 16, 79, 72, 9, 2, 105, 756, 48, 17, 2, 6, 12, 166, 3],
[44, 0, 0, 0, 4, 0, 0, 0, 1, 0, 1, 0, 1, 0, 13, 0, 0, 0, 0, 0, 0, 0, 0, 0, 1, 0, 0, 0, 0, 0, 0, 0, 0, 0, 0, 0, 0, 0, 0, 0, 0, 0, 0, 0, 0, 0, 0, 0, 0, 0, 0, 0, 12, 5, 1, 0, 8, 0, 0, 0, 6, 1, 0, 4, 1, 0, 13, 0, 0, 6, 2, 0, 4, 0, 0, 0, 2, 0, 7, 0, 3, 0, 14, 1, 0, 2, 7, 0, 1, 5, 2, 5, 3, 0, 0, 6, 3, 3, 0, 0, 0, 0, 2, 1, 6, 0, 0, 5, 6, 0, 1, 2, 3, 0, 3, 1, 5, 2, 1, 1, 0, 2, 17, 6, 0, 0, 1, 0, 2, 1],
[30, 0, 0, 0, 5, 0, 0, 0, 11, 0, 0, 0, 0, 0, 12, 0, 0, 0, 75, 0, 0, 0, 0, 0, 3, 0, 0, 0, 0, 0, 0, 0, 0, 0, 0, 0, 0, 0, 0, 0, 0, 0, 0, 0, 0, 0, 0, 0, 0, 0, 0, 0, 26, 0, 3, 0, 7, 0, 0, 18, 5, 0, 5, 3, 2, 2, 15, 0, 0, 18, 0, 10, 20, 0, 0, 0, 2, 0, 17, 1, 1, 8, 22, 3, 3, 0, 8, 0, 0, 10, 3, 8, 12, 6, 0, 11, 1, 8, 8, 0, 4, 0, 1, 1, 8, 3, 2, 15, 7, 3, 5, 1, 5, 0, 2, 6, 3, 4, 3, 6, 0, 8, 40, 6, 0, 1, 2, 0, 5, 1],
[29, 0, 0, 0, 8, 0, 0, 0, 9, 0, 0, 0, 0, 1, 11, 0, 0, 0, 2, 0, 2, 0, 0, 0, 2, 0, 0, 0, 0, 0, 0, 0, 0, 0, 0, 0, 0, 0, 0, 0, 0, 0, 0, 0, 0, 0, 0, 0, 0, 0, 0, 0, 7, 1, 0, 5, 8, 0, 3, 1, 8, 0, 0, 2, 3, 0, 8, 0, 0, 4, 1, 0, 6, 1, 0, 0, 4, 2, 6, 1, 2, 0, 16, 0, 0, 1, 3, 1, 1, 9, 1, 4, 3, 0, 0, 1, 3, 3, 4, 0, 2, 0, 2, 1, 4, 0, 1, 8, 5, 0, 0, 0, 1, 0, 0, 0, 5, 7, 2, 0, 0, 3, 18, 6, 1, 0, 1, 2, 0, 0],
[7, 103, 40, 112, 4, 66, 54, 80, 0, 31, 59, 78, 88, 59, 0, 101, 0, 151, 111, 89, 0, 46, 49, 7, 36, 14, 0, 0, 0, 0, 0, 0, 0, 0, 0, 0, 0, 0, 0, 0, 0, 0, 0, 0, 0, 0, 0, 0, 0, 0, 0, 0, 147, 35, 48, 52, 119, 24, 39, 10, 64, 5, 15, 113, 60, 146, 16, 29, 0, 172, 78, 70, 19, 29, 39, 30, 11, 15, 105, 17, 29, 64, 207, 25, 38, 20, 115, 0, 56, 85, 47, 85, 79, 40, 0, 80, 52, 142, 42, 24, 4, 1, 7, 21, 71, 10, 17, 69, 161, 4, 12, 36, 30, 0, 4, 43, 18, 43, 42, 10, 0, 43, 542, 60, 7, 0, 6, 15, 140, 2],
[8, 0, 0, 0, 1, 0, 0, 0, 1, 0, 0, 0, 0, 0, 5, 0, 0, 0, 0, 0, 0, 0, 0, 0, 1, 0, 0, 0, 0, 0, 0, 0, 0, 0, 0, 0, 0, 0, 0, 0, 0, 0, 0, 0, 0, 0, 0, 0, 0, 0, 0, 0, 4, 0, 0, 0, 2, 3, 0, 0, 0, 0, 0, 2, 0, 0, 1, 0, 0, 2, 0, 2, 0, 0, 0, 0, 0, 0, 4, 0, 0, 0, 3, 0, 0, 0, 2, 0, 0, 1, 0, 0, 1, 0, 0, 4, 0, 0, 0, 0, 0, 0, 1, 0, 1, 0, 0, 3, 3, 0, 1, 0, 0, 1, 0, 0, 0, 0, 0, 0, 0, 3, 3, 1, 0, 0, 0, 0, 0, 0],
[36, 0, 0, 0, 7, 0, 0, 0, 3, 0, 0, 0, 0, 5, 11, 0, 0, 0, 0, 0, 2, 0, 0, 0, 0, 0, 0, 0, 0, 0, 0, 0, 0, 0, 0, 0, 0, 0, 0, 0, 0, 0, 0, 0, 0, 0, 0, 0, 0, 0, 0, 0, 13, 0, 0, 0, 6, 0, 11, 2, 6, 0, 0, 9, 3, 0, 5, 0, 0, 4, 0, 0, 4, 0, 1, 0, 0, 0, 5, 0, 0, 1, 17, 0, 1, 0, 6, 0, 0, 2, 4, 5, 4, 1, 0, 6, 4, 3, 2, 2, 0, 0, 0, 1, 7, 0, 1, 7, 9, 0, 0, 0, 5, 0, 0, 0, 2, 2, 4, 0, 0, 4, 17, 4, 0, 0, 0, 0, 2, 0],
[9, 8, 106, 11, 1, 0, 7, 0, 1, 1, 14, 0, 1, 0, 4, 20, 0, 12, 96, 58, 2, 0, 48, 0, 0, 1, 0, 0, 0, 0, 0, 0, 0, 0, 0, 0, 0, 0, 0, 0, 0, 0, 0, 0, 0, 0, 0, 0, 0, 0, 0, 0, 94, 0, 1, 0, 71, 0, 0, 0, 88, 0, 0, 4, 3, 0, 80, 1, 0, 9, 0, 3, 33, 0, 1, 0, 12, 0, 18, 5, 12, 12, 21, 8, 12, 3, 11, 5, 8, 37, 25, 44, 19, 15, 0, 43, 14, 31, 13, 10, 21, 0, 8, 5, 31, 4, 2, 11, 41, 5, 9, 9, 16, 0, 15, 23, 13, 11, 20, 14, 0, 14, 112, 25, 4, 0, 3, 3, 12, 3],
[24, 79, 29, 85, 7, 71, 48, 41, 0, 27, 57, 96, 96, 50, 5, 93, 1, 62, 88, 64, 0, 59, 61, 0, 12, 24, 0, 0, 0, 0, 0, 0, 0, 0, 0, 0, 0, 0, 0, 0, 0, 0, 0, 0, 0, 0, 0, 0, 0, 0, 0, 0, 35, 35, 67, 55, 46, 38, 47, 4, 1, 4, 47, 133, 65, 172, 20, 43, 3, 101, 69, 91, 2, 48, 2, 20, 5, 26, 99, 26, 36, 36, 308, 18, 48, 41, 62, 2, 62, 66, 16, 54, 72, 32, 1, 42, 17, 82, 31, 12, 2, 0, 3, 11, 65, 4, 5, 94, 82, 1, 4, 23, 29, 0, 2, 31, 10, 37, 40, 5, 0, 73, 482, 47, 9, 0, 4, 7, 124, 1],
[4, 0, 0, 2, 1, 1, 0, 0, 0, 0, 0, 0, 0, 0, 1, 0, 0, 0, 0, 0, 0, 0, 0, 0, 0, 0, 0, 0, 0, 0, 0, 0, 0, 0, 0, 0, 0, 0, 0, 0, 0, 0, 0, 0, 0, 0, 0, 0, 0, 0, 0, 0, 0, 0, 0, 0, 1, 0, 0, 0, 6, 0, 0, 0, 0, 0, 0, 0, 0, 0, 0, 0, 1, 0, 1, 0, 0, 0, 1, 0, 0, 1, 1, 0, 1, 0, 0, 0, 0, 1, 1, 2, 0, 0, 0, 0, 0, 0, 0, 1, 0, 0, 0, 0, 2, 0, 0, 1, 1, 0, 0, 0, 0, 0, 0, 0, 0, 2, 1, 0, 0, 0, 2, 0, 0, 0, 0, 0, 0, 0],
[6, 0, 0, 0, 1, 0, 0, 0, 3, 0, 0, 0, 0, 1, 5, 0, 0, 0, 68, 0, 1, 0, 0, 0, 0, 0, 0, 0, 0, 0, 0, 0, 0, 0, 0, 0, 0, 0, 0, 0, 0, 0, 0, 0, 0, 0, 0, 0, 0, 0, 0, 0, 13, 0, 0, 0, 27, 0, 0, 0, 19, 0, 2, 1, 0, 0, 10, 0, 0, 3, 0, 1, 2, 0, 0, 0, 7, 0, 9, 0, 0, 3, 13, 2, 5, 1, 4, 0, 0, 7, 2, 10, 3, 3, 0, 7, 3, 8, 0, 2, 2, 0, 1, 0, 2, 0, 0, 4, 7, 3, 2, 1, 2, 0, 3, 5, 2, 4, 1, 1, 0, 4, 35, 5, 0, 0, 0, 0, 4, 0],
[68, 61, 66, 0, 21, 66, 58, 0, 9, 0, 10, 1, 0, 0, 14, 45, 0, 0, 58, 0, 12, 3, 0, 0, 3, 2, 0, 0, 0, 0, 0, 0, 0, 0, 0, 0, 0, 0, 0, 0, 0, 0, 0, 0, 0, 0, 0, 0, 0, 0, 0, 0, 118, 2, 3, 5, 78, 2, 6, 0, 72, 0, 5, 11, 8, 4, 99, 4, 0, 0, 1, 2, 60, 6, 1, 0, 9, 1, 36, 23, 13, 17, 62, 12, 20, 4, 27, 1, 7, 2, 35, 40, 22, 30, 0, 19, 16, 40, 16, 7, 20, 3, 22, 3, 13, 3, 2, 25, 68, 7, 10, 11, 6, 0, 21, 8, 12, 18, 7, 8, 0, 21, 183, 37, 0, 1, 0, 0, 33, 3],
[44, 0, 0, 0, 29, 0, 0, 0, 20, 0, 0, 0, 0, 0, 9, 0, 0, 0, 28, 0, 18, 0, 0, 0, 2, 0, 0, 0, 0, 0, 0, 0, 0, 0, 0, 0, 0, 0, 0, 0, 0, 0, 0, 0, 0, 0, 0, 0, 0, 0, 0, 0, 17, 19, 0, 0, 18, 0, 0, 0, 28, 0, 0, 2, 14, 3, 21, 12, 0, 4, 2, 0, 7, 0, 0, 0, 3, 0, 18, 1, 5, 8, 18, 0, 5, 4, 12, 1, 3, 8, 2, 11, 10, 0, 0, 18, 2, 8, 8, 3, 3, 0, 1, 1, 4, 0, 2, 6, 20, 0, 4, 5, 5, 0, 7, 2, 3, 4, 9, 0, 1, 10, 43, 15, 0, 0, 3, 2, 5, 0],
[40, 0, 1, 0, 24, 0, 7, 0, 41, 1, 23, 0, 1, 0, 12, 0, 0, 0, 45, 0, 63, 0, 0, 0, 0, 0, 0, 0, 0, 0, 0, 0, 0, 0, 0, 0, 0, 0, 0, 0, 0, 0, 0, 0, 0, 0, 0, 0, 0, 0, 0, 0, 35, 7, 18, 16, 20, 5, 9, 2, 25, 1, 10, 8, 4, 7, 29, 4, 0, 6, 11, 17, 15, 2, 4, 0, 2, 1, 32, 7, 3, 3, 42, 2, 6, 2, 26, 0, 3, 14, 4, 3, 23, 8, 0, 33, 7, 11, 15, 1, 11, 0, 2, 0, 14, 1, 2, 18, 25, 1, 7, 6, 4, 0, 6, 12, 10, 15, 4, 6, 0, 11, 64, 22, 1, 0, 9, 7, 13, 0],
[0, 153, 190, 138, 2, 64, 92, 121, 4, 40, 44, 119, 139, 70, 10, 131, 2, 110, 119, 121, 0, 32, 40, 1, 41, 31, 0, 0, 0, 0, 0, 0, 0, 0, 0, 0, 0, 0, 0, 0, 0, 0, 0, 0, 0, 0, 0, 0, 0, 0, 0, 0, 64, 49, 49, 54, 28, 20, 54, 26, 57, 10, 50, 141, 78, 154, 192, 65, 3, 197, 69, 90, 129, 27, 116, 29, 40, 23, 159, 44, 36, 72, 392, 38, 54, 35, 112, 4, 104, 120, 50, 86, 80, 65, 0, 75, 65, 140, 47, 10, 0, 0, 8, 18, 98, 6, 18, 136, 203, 8, 10, 35, 34, 0, 12, 49, 15, 77, 50, 1, 0, 62, 710, 47, 15, 0, 2, 6, 217, 3],
[32, 0, 0, 0, 10, 0, 0, 0, 1, 0, 0, 0, 1, 0, 9, 0, 0, 0, 97, 0, 17, 0, 0, 0, 0, 0, 0, 0, 0, 0, 0, 0, 0, 0, 0, 0, 0, 0, 0, 0, 0, 0, 0, 0, 0, 0, 0, 0, 0, 0, 0, 0, 39, 2, 0, 2, 26, 0, 1, 5, 23, 1, 0, 5, 0, 0, 14, 9, 0, 15, 6, 7, 10, 0, 0, 0, 2, 0, 19, 0, 7, 8, 28, 2, 3, 2, 13, 0, 2, 9, 4, 9, 16, 2, 0, 14, 3, 7, 7, 1, 4, 0, 5, 2, 4, 0, 0, 17, 19, 1, 7, 3, 2, 0, 6, 12, 2, 7, 2, 1, 0, 11, 42, 16, 0, 0, 2, 0, 11, 2],
[2, 0, 0, 0, 2, 0, 0, 0, 0, 0, 0, 0, 0, 0, 0, 0, 0, 0, 6, 0, 0, 0, 0, 0, 0, 0, 0, 0, 0, 0, 0, 0, 0, 0, 0, 0, 0, 0, 0, 0, 0, 0, 0, 0, 0, 0, 0, 0, 0, 0, 0, 0, 0, 0, 0, 0, 0, 0, 0, 0, 0, 0, 0, 0, 0, 0, 0, 0, 0, 0, 0, 0, 10, 0, 0, 0, 0, 0, 4, 0, 0, 0, 2, 0, 0, 0, 4, 0, 0, 0, 0, 0, 0, 0, 0, 0, 0, 0, 0, 0, 0, 0, 0, 0, 0, 1, 0, 2, 1, 0, 1, 0, 0, 0, 0, 0, 0, 0, 0, 0, 0, 0, 2, 1, 0, 0, 1, 0, 0, 1],
[75, 78, 66, 52, 20, 47, 71, 0, 7, 0, 18, 0, 0, 0, 28, 73, 0, 0, 0, 81, 30, 6, 16, 1, 4, 0, 0, 0, 0, 0, 0, 0, 0, 0, 0, 0, 0, 0, 0, 0, 0, 0, 0, 0, 0, 0, 0, 0, 0, 0, 0, 0, 149, 5, 6, 4, 117, 1, 17, 2, 120, 0, 2, 5, 6, 8, 124, 4, 0, 9, 8, 5, 55, 7, 1, 0, 17, 1, 43, 19, 28, 25, 82, 12, 27, 5, 41, 0, 19, 17, 42, 64, 40, 34, 0, 17, 44, 39, 14, 13, 19, 4, 18, 7, 28, 3, 10, 32, 100, 11, 10, 17, 15, 0, 24, 34, 6, 21, 14, 9, 1, 19, 222, 59, 2, 0, 1, 1, 29, 5],
[29, 0, 0, 2, 10, 0, 0, 0, 7, 0, 1, 0, 0, 0, 7, 9, 0, 0, 0, 6, 5, 0, 0, 0, 1, 0, 0, 0, 0, 0, 0, 0, 0, 0, 0, 0, 0, 0, 0, 0, 0, 0, 0, 0, 0, 0, 0, 0, 0, 0, 0, 0, 6, 1, 5, 1, 2, 0, 0, 6, 3, 0, 7, 2, 2, 3, 6, 6, 1, 0, 8, 8, 5, 0, 2, 0, 3, 0, 13, 3, 1, 2, 20, 0, 0, 0, 9, 0, 0, 3, 2, 1, 10, 0, 0, 9, 0, 0, 4, 0, 0, 0, 0, 0, 8, 0, 5, 5, 9, 0, 0, 1, 5, 0, 0, 1, 2, 4, 5, 2, 0, 9, 14, 3, 0, 0, 1, 0, 2, 1],
[21, 0, 1, 0, 14, 0, 0, 0, 2, 0, 0, 0, 0, 0, 4, 0, 0, 0, 118, 0, 1, 0, 0, 0, 1, 0, 0, 0, 0, 0, 0, 0, 0, 0, 0, 0, 0, 0, 0, 0, 0, 0, 0, 0, 0, 0, 0, 0, 0, 0, 0, 0, 23, 0, 0, 0, 29, 0, 0, 4, 20, 0, 0, 1, 3, 1, 36, 0, 0, 15, 0, 6, 14, 0, 1, 0, 9, 0, 19, 3, 3, 6, 12, 0, 5, 0, 10, 0, 3, 12, 15, 15, 7, 14, 0, 13, 2, 6, 5, 2, 6, 1, 3, 0, 7, 1, 0, 6, 27, 0, 5, 2, 4, 0, 5, 5, 5, 10, 2, 8, 0, 7, 43, 9, 1, 0, 2, 0, 13, 0],
[21, 100, 70, 72, 5, 52, 55, 37, 0, 30, 25, 53, 84, 24, 21, 80, 47, 59, 63, 57, 0, 8, 8, 0, 23, 6, 0, 0, 0, 0, 0, 0, 0, 0, 0, 0, 0, 0, 0, 0, 0, 0, 0, 0, 0, 0, 0, 0, 0, 0, 0, 0, 32, 49, 46, 46, 22, 33, 37, 6, 42, 6, 29, 97, 67, 102, 12, 33, 2, 164, 76, 64, 0, 4, 0, 9, 6, 16, 87, 23, 23, 41, 160, 41, 42, 25, 73, 4, 65, 54, 21, 43, 33, 42, 1, 47, 38, 75, 40, 4, 0, 0, 8, 10, 72, 1, 10, 45, 72, 3, 4, 29, 31, 0, 8, 27, 7, 27, 42, 4, 0, 34, 393, 38, 9, 0, 0, 3, 141, 0],
[14, 0, 0, 0, 7, 0, 0, 0, 2, 0, 2, 0, 1, 0, 8, 0, 0, 0, 0, 0, 3, 0, 0, 0, 0, 0, 0, 0, 0, 0, 0, 0, 0, 0, 0, 0, 0, 0, 0, 0, 0, 0, 0, 0, 0, 0, 0, 0, 0, 0, 0, 0, 5, 0, 0, 0, 12, 0, 1, 1, 10, 0, 0, 0, 0, 0, 4, 0, 0, 0, 0, 0, 3, 0, 0, 0, 1, 0, 3, 0, 0, 0, 2, 0, 0, 1, 0, 0, 0, 11, 0, 5, 2, 0, 0, 3, 5, 2, 0, 0, 1, 0, 0, 2, 1, 0, 0, 1, 10, 0, 0, 0, 1, 0, 0, 2, 0, 1, 2, 0, 0, 0, 15, 4, 0, 0, 0, 0, 0, 0],
[13, 2, 1, 9, 4, 0, 1, 1, 0, 0, 1, 1, 0, 0, 9, 1, 0, 0, 51, 25, 0, 0, 0, 0, 0, 0, 0, 0, 0, 0, 0, 0, 0, 0, 0, 0, 0, 0, 0, 0, 0, 0, 0, 0, 0, 0, 0, 0, 0, 0, 0, 0, 40, 0, 1, 1, 23, 0, 0, 1, 28, 0, 1, 3, 1, 4, 10, 0, 0, 2, 1, 1, 0, 0, 0, 0, 2, 0, 2, 2, 2, 2, 26, 0, 4, 1, 6, 0, 0, 16, 3, 13, 1, 5, 0, 14, 2, 9, 2, 2, 0, 0, 5, 2, 2, 1, 0, 7, 18, 2, 3, 2, 1, 0, 7, 8, 2, 7, 2, 3, 0, 8, 33, 7, 0, 0, 1, 0, 4, 1],
[12, 0, 0, 0, 18, 0, 0, 0, 4, 0, 0, 0, 0, 0, 9, 0, 0, 0, 0, 0, 0, 0, 0, 0, 0, 0, 0, 0, 0, 0, 0, 0, 0, 0, 0, 0, 0, 0, 0, 0, 0, 0, 0, 0, 0, 0, 0, 0, 0, 0, 0, 0, 1, 1, 0, 0, 7, 1, 0, 0, 13, 0, 0, 3, 2, 1, 7, 2, 0, 0, 0, 2, 3, 0, 0, 0, 0, 0, 5, 0, 1, 3, 7, 0, 0, 0, 3, 0, 0, 5, 5, 6, 2, 0, 0, 3, 0, 2, 0, 0, 0, 0, 1, 0, 1, 1, 0, 2, 11, 0, 2, 0, 0, 0, 0, 1, 1, 2, 0, 1, 0, 1, 16, 2, 0, 0, 1, 0, 1, 0],
[8, 9, 15, 5, 7, 6, 23, 20, 0, 0, 18, 21, 14, 4, 1, 19, 0, 8, 28, 22, 0, 0, 6, 7, 0, 4, 0, 0, 0, 0, 0, 0, 0, 0, 0, 0, 0, 0, 0, 0, 0, 0, 0, 0, 0, 0, 0, 0, 0, 0, 0, 0, 22, 8, 10, 5, 10, 0, 5, 0, 5, 0, 11, 24, 13, 26, 12, 21, 0, 30, 14, 20, 0, 3, 1, 5, 0, 0, 24, 1, 3, 9, 76, 1, 1, 12, 25, 0, 1, 8, 3, 14, 23, 9, 0, 10, 6, 13, 1, 1, 0, 0, 3, 1, 12, 0, 5, 26, 27, 1, 4, 5, 3, 0, 1, 12, 1, 14, 4, 2, 0, 9, 102, 4, 0, 0, 1, 4, 7, 0],
[16, 0, 1, 1, 1, 0, 0, 0, 3, 0, 0, 0, 1, 0, 2, 1, 0, 0, 0, 1, 0, 0, 0, 0, 0, 0, 0, 0, 0, 0, 0, 0, 0, 0, 0, 0, 0, 0, 0, 0, 0, 0, 0, 0, 0, 0, 0, 0, 0, 0, 0, 0, 6, 0, 0, 0, 2, 0, 0, 1, 4, 0, 0, 1, 0, 0, 5, 0, 0, 0, 0, 0, 3, 0, 0, 0, 3, 2, 1, 0, 0, 2, 1, 0, 1, 0, 2, 0, 2, 1, 2, 4, 2, 0, 0, 6, 0, 2, 0, 0, 0, 0, 0, 1, 0, 0, 1, 1, 7, 0, 0, 1, 2, 0, 0, 0, 0, 2, 1, 0, 0, 0, 8, 1, 0, 0, 0, 0, 2, 1],
[64, 79, 78, 46, 14, 43, 53, 18, 13, 6, 39, 35, 19, 14, 19, 54, 14, 28, 170, 61, 18, 7, 23, 2, 10, 2, 21, 12, 26, 7, 147, 4, 13, 94, 35, 0, 13, 118, 17, 35, 64, 39, 0, 149, 6, 23, 32, 5, 40, 1, 22, 6, 0, 0, 0, 0, 0, 0, 0, 0, 0, 0, 0, 0, 0, 0, 0, 0, 0, 0, 0, 0, 0, 0, 0, 0, 0, 0, 10, 17, 35, 46, 16, 17, 30, 10, 37, 1, 25, 72, 56, 122, 5, 51, 0, 122, 35, 86, 26, 18, 30, 3, 39, 20, 48, 2, 3, 32, 115, 10, 21, 21, 30, 0, 25, 21, 20, 16, 19, 7, 1, 12, 391, 68, 4, 0, 1, 2, 57, 3],
[11, 21, 18, 18, 9, 5, 19, 6, 4, 11, 14, 16, 7, 10, 6, 6, 2, 24, 24, 14, 15, 3, 2, 1, 5, 7, 59, 5, 0, 1, 35, 0, 0, 0, 35, 0, 0, 2, 19, 7, 49, 2, 0, 5, 1, 0, 49, 0, 0, 1, 8, 0, 0, 0, 0, 0, 0, 0, 0, 0, 0, 0, 0, 0, 0, 0, 0, 0, 0, 0, 0, 0, 0, 0, 0, 0, 0, 0, 42, 39, 1, 1, 74, 0, 0, 2, 29, 0, 2, 15, 0, 0, 33, 0, 0, 13, 1, 1, 20, 0, 0, 0, 4, 1, 26, 7, 6, 20, 24, 0, 3, 1, 7, 0, 2, 15, 1, 9, 7, 2, 0, 24, 76, 13, 0, 0, 4, 4, 27, 0],
[15, 20, 14, 29, 3, 18, 3, 8, 5, 8, 5, 24, 30, 10, 10, 28, 0, 25, 23, 23, 6, 6, 8, 0, 13, 2, 78, 1, 3, 0, 48, 0, 0, 1, 67, 0, 0, 3, 0, 18, 49, 0, 0, 6, 5, 0, 46, 0, 1, 0, 10, 0, 0, 0, 0, 0, 0, 0, 0, 0, 0, 0, 0, 0, 0, 0, 0, 0, 0, 0, 0, 0, 0, 0, 0, 0, 0, 0, 31, 0, 23, 0, 54, 0, 0, 53, 15, 0, 92, 5, 0, 0, 28, 0, 0, 8, 0, 14, 13, 0, 0, 0, 0, 0, 27, 1, 1, 15, 26, 1, 1, 2, 10, 0, 1, 9, 3, 13, 19, 2, 0, 11, 136, 22, 3, 0, 0, 0, 33, 0],
[20, 23, 23, 13, 7, 12, 11, 15, 10, 7, 13, 14, 16, 16, 3, 20, 1, 29, 26, 4, 7, 5, 15, 0, 4, 1, 69, 0, 0, 5, 52, 0, 0, 0, 55, 0, 0, 5, 0, 16, 54, 2, 0, 4, 1, 0, 46, 0, 1, 0, 5, 0, 0, 0, 0, 0, 0, 0, 0, 0, 0, 0, 0, 0, 0, 0, 0, 0, 0, 0, 0, 0, 0, 0, 0, 0, 0, 0, 24, 0, 0, 30, 100, 0, 27, 6, 43, 4, 0, 8, 1, 1, 31, 0, 0, 12, 7, 1, 15, 0, 0, 0, 2, 3, 12, 2, 7, 30, 42, 0, 1, 2, 10, 0, 0, 12, 5, 10, 8, 1, 0, 22, 94, 5, 3, 0, 4, 7, 38, 0],
[61, 38, 38, 35, 23, 38, 37, 10, 10, 6, 26, 16, 9, 13, 29, 52, 6, 19, 134, 50, 13, 9, 25, 0, 5, 3, 16, 8, 7, 8, 119, 2, 6, 71, 46, 1, 27, 78, 18, 20, 28, 26, 0, 117, 2, 29, 22, 12, 23, 7, 10, 2, 0, 0, 0, 0, 0, 0, 0, 0, 0, 0, 0, 0, 0, 0, 0, 0, 0, 0, 0, 0, 0, 0, 0, 0, 0, 0, 51, 14, 17, 35, 76, 15, 8, 2, 23, 0, 16, 59, 35, 74, 13, 27, 0, 82, 26, 44, 12, 21, 27, 3, 19, 6, 32, 3, 5, 32, 85, 9, 4, 13, 7, 0, 20, 24, 15, 26, 13, 13, 0, 25, 292, 51, 0, 0, 1, 0, 35, 0],
[1, 18, 5, 10, 4, 8, 5, 7, 3, 5, 5, 8, 8, 6, 3, 2, 0, 16, 9, 14, 1, 2, 10, 0, 2, 1, 26, 0, 0, 0, 24, 3, 0, 0, 38, 0, 0, 2, 0, 5, 20, 0, 0, 1, 0, 0, 33, 0, 0, 1, 0, 0, 0, 0, 0, 0, 0, 0, 0, 0, 0, 0, 0, 0, 0, 0, 0, 0, 0, 0, 0, 0, 0, 0, 0, 0, 0, 0, 6, 0, 0, 1, 22, 64, 0, 0, 17, 0, 0, 1, 0, 0, 6, 0, 0, 2, 0, 31, 3, 0, 0, 0, 0, 0, 9, 0, 1, 8, 9, 0, 2, 0, 2, 0, 0, 3, 0, 0, 6, 0, 0, 8, 79, 1, 0, 0, 0, 4, 20, 1],
[29, 21, 8, 13, 12, 14, 10, 10, 3, 10, 5, 21, 9, 9, 4, 16, 0, 25, 20, 13, 9, 13, 7, 0, 11, 3, 65, 0, 0, 3, 39, 0, 11, 0, 47, 0, 0, 6, 0, 9, 54, 1, 0, 17, 0, 0, 37, 1, 0, 0, 5, 0, 0, 0, 0, 0, 0, 0, 0, 0, 0, 0, 0, 0, 0, 0, 0, 0, 0, 0, 0, 0, 0, 0, 0, 0, 0, 0, 47, 0, 0, 1, 58, 0, 48, 20, 31, 0, 0, 10, 3, 7, 36, 0, 0, 9, 0, 0, 24, 0, 0, 0, 1, 0, 18, 0, 2, 16, 38, 0, 1, 0, 4, 0, 0, 16, 7, 22, 8, 0, 0, 27, 85, 17, 2, 0, 0, 0, 32, 0],
[12, 7, 6, 3, 13, 2, 0, 3, 5, 4, 5, 5, 11, 3, 7, 3, 0, 4, 9, 4, 2, 1, 1, 0, 1, 0, 22, 0, 18, 1, 10, 0, 2, 0, 4, 0, 0, 0, 0, 2, 26, 5, 0, 2, 6, 4, 6, 1, 1, 0, 0, 1, 0, 0, 0, 0, 0, 0, 0, 0, 0, 0, 0, 0, 0, 0, 0, 0, 0, 0, 0, 0, 0, 0, 0, 0, 0, 0, 25, 0, 0, 0, 25, 0, 0, 0, 5, 0, 0, 4, 3, 3, 19, 0, 0, 8, 0, 1, 14, 0, 2, 0, 2, 0, 7, 3, 1, 12, 7, 0, 1, 1, 2, 0, 0, 8, 2, 4, 5, 1, 0, 9, 37, 4, 0, 1, 4, 0, 2, 0],
[73, 41, 68, 25, 24, 32, 42, 21, 15, 2, 19, 17, 26, 14, 26, 39, 17, 29, 128, 58, 7, 13, 35, 0, 4, 6, 128, 6, 5, 8, 64, 0, 6, 88, 1, 6, 19, 72, 28, 25, 57, 23, 0, 120, 3, 20, 42, 10, 28, 13, 5, 4, 0, 0, 0, 0, 0, 0, 0, 0, 0, 0, 0, 0, 0, 0, 0, 0, 0, 0, 0, 0, 0, 0, 0, 0, 0, 0, 30, 8, 33, 42, 54, 23, 24, 0, 2, 1, 29, 75, 40, 122, 19, 32, 0, 68, 64, 74, 4, 20, 0, 1, 2, 14, 38, 2, 3, 22, 117, 6, 25, 28, 12, 0, 24, 23, 11, 10, 22, 6, 1, 20, 303, 58, 6, 0, 0, 0, 37, 7],
[0, 5, 2, 1, 1, 1, 2, 7, 0, 1, 1, 0, 2, 0, 1, 2, 1, 6, 5, 1, 2, 0, 1, 0, 1, 0, 15, 1, 0, 0, 5, 0, 0, 0, 4, 0, 0, 0, 0, 1, 10, 1, 0, 0, 0, 0, 6, 0, 0, 0, 0, 0, 0, 0, 0, 0, 0, 0, 0, 0, 0, 0, 0, 0, 0, 0, 0, 0, 0, 0, 0, 0, 0, 0, 0, 0, 0, 0, 11, 0, 0, 0, 6, 0, 0, 0, 8, 1, 0, 0, 0, 0, 8, 0, 0, 4, 0, 0, 5, 0, 0, 0, 0, 0, 3, 2, 0, 0, 1, 0, 1, 1, 2, 0, 2, 0, 1, 5, 0, 0, 1, 0, 19, 3, 2, 0, 0, 0, 0, 0],
[15, 16, 6, 14, 7, 10, 0, 18, 6, 10, 10, 11, 12, 8, 5, 25, 0, 16, 19, 18, 3, 2, 10, 0, 14, 1, 72, 0, 5, 0, 15, 0, 0, 0, 47, 0, 2, 5, 0, 10, 50, 0, 0, 2, 7, 0, 29, 0, 1, 0, 11, 0, 0, 0, 0, 0, 0, 0, 0, 0, 0, 0, 0, 0, 0, 0, 0, 0, 0, 0, 0, 0, 0, 0, 0, 0, 0, 0, 31, 0, 0, 0, 140, 2, 0, 5, 24, 0, 11, 2, 0, 0, 17, 0, 0, 4, 1, 3, 13, 1, 0, 0, 2, 0, 16, 1, 0, 45, 9, 0, 0, 4, 7, 0, 1, 8, 6, 10, 1, 0, 0, 32, 96, 2, 4, 0, 1, 0, 13, 0],
[29, 45, 46, 33, 4, 30, 40, 56, 7, 13, 32, 10, 62, 11, 20, 72, 0, 16, 67, 48, 9, 28, 35, 5, 13, 5, 162, 4, 3, 2, 113, 2, 9, 4, 133, 0, 1, 11, 2, 8, 141, 5, 0, 5, 2, 1, 97, 0, 3, 3, 24, 1, 0, 0, 0, 0, 0, 0, 0, 0, 0, 0, 0, 0, 0, 0, 0, 0, 0, 0, 0, 0, 0, 0, 0, 0, 0, 0, 86, 5, 16, 29, 160, 16, 6, 0, 64, 2, 30, 115, 21, 2, 48, 26, 0, 0, 10, 54, 25, 12, 2, 0, 6, 1, 55, 3, 9, 48, 40, 3, 7, 19, 22, 2, 7, 9, 13, 18, 26, 10, 1, 32, 304, 22, 2, 1, 4, 12, 66, 1],
[29, 17, 37, 29, 8, 10, 29, 25, 5, 16, 14, 40, 20, 20, 7, 11, 0, 34, 33, 29, 8, 4, 8, 0, 8, 8, 114, 1, 2, 3, 60, 0, 3, 3, 65, 0, 0, 8, 14, 4, 78, 0, 0, 6, 2, 3, 67, 0, 1, 2, 13, 0, 0, 0, 0, 0, 0, 0, 0, 0, 0, 0, 0, 0, 0, 0, 0, 0, 0, 0, 0, 0, 0, 0, 0, 0, 0, 0, 72, 58, 0, 0, 113, 3, 0, 1, 45, 0, 2, 1, 40, 4, 22, 66, 0, 1, 3, 1, 13, 0, 0, 0, 3, 1, 21, 1, 11, 24, 28, 0, 1, 7, 14, 0, 3, 18, 1, 39, 24, 1, 0, 19, 159, 13, 3, 0, 4, 9, 48, 0],
[16, 71, 41, 47, 7, 36, 49, 37, 4, 16, 30, 48, 70, 20, 7, 69, 1, 46, 52, 59, 7, 24, 36, 3, 9, 20, 192, 0, 2, 0, 146, 0, 0, 0, 172, 0, 0, 4, 3, 7, 154, 0, 0, 8, 3, 1, 102, 0, 4, 1, 26, 0, 0, 0, 0, 0, 0, 0, 0, 0, 0, 0, 0, 0, 0, 0, 0, 0, 0, 0, 0, 0, 0, 0, 0, 0, 0, 0, 64, 1, 40, 89, 141, 1, 108, 2, 51, 6, 71, 4, 0, 68, 27, 0, 1, 2, 19, 96, 17, 2, 0, 0, 4, 11, 70, 2, 9, 42, 82, 6, 2, 25, 24, 0, 1, 11, 5, 12, 46, 4, 0, 18, 321, 18, 13, 1, 1, 2, 110, 0],
[61, 47, 79, 39, 22, 29, 45, 21, 9, 2, 20, 16, 26, 9, 11, 71, 8, 21, 131, 32, 1, 7, 23, 0, 6, 10, 7, 13, 15, 8, 16, 1, 5, 80, 20, 0, 10, 99, 21, 29, 192, 14, 0, 124, 6, 36, 12, 4, 10, 7, 12, 5, 0, 0, 0, 0, 0, 0, 0, 0, 0, 0, 0, 0, 0, 0, 0, 0, 0, 0, 0, 0, 0, 0, 0, 0, 0, 0, 22, 21, 16, 34, 28, 19, 28, 6, 25, 7, 39, 63, 41, 77, 50, 45, 0, 50, 27, 54, 26, 9, 40, 1, 11, 7, 34, 6, 3, 37, 88, 9, 13, 14, 22, 0, 25, 18, 11, 20, 21, 16, 0, 11, 266, 48, 1, 0, 1, 1, 77, 4],
[16, 6, 27, 12, 5, 0, 13, 16, 5, 6, 15, 16, 8, 12, 9, 25, 2, 21, 22, 36, 11, 3, 3, 0, 9, 8, 73, 0, 0, 0, 29, 0, 0, 1, 43, 0, 0, 4, 12, 4, 65, 9, 0, 4, 6, 0, 33, 0, 0, 2, 21, 0, 0, 0, 0, 0, 0, 0, 0, 0, 0, 0, 0, 0, 0, 0, 0, 0, 0, 0, 0, 0, 0, 0, 0, 0, 0, 0, 40, 0, 0, 0, 99, 0, 0, 17, 29, 2, 0, 8, 0, 0, 30, 49, 0, 9, 5, 6, 12, 0, 0, 0, 0, 0, 18, 0, 3, 36, 16, 0, 2, 0, 8, 0, 10, 12, 0, 21, 11, 0, 0, 19, 88, 11, 1, 0, 2, 2, 45, 1],
[0, 0, 1, 0, 0, 3, 1, 0, 0, 0, 0, 0, 1, 1, 0, 0, 0, 1, 0, 2, 1, 0, 1, 0, 0, 0, 3, 0, 0, 0, 0, 0, 0, 0, 3, 0, 0, 0, 0, 0, 3, 0, 0, 0, 1, 0, 2, 0, 0, 0, 0, 0, 0, 0, 0, 0, 0, 0, 0, 0, 0, 0, 0, 0, 0, 0, 0, 0, 0, 0, 0, 0, 0, 0, 0, 0, 0, 0, 1, 0, 0, 0, 0, 1, 0, 1, 2, 0, 0, 0, 0, 0, 0, 0, 0, 0, 0, 0, 7, 0, 0, 0, 0, 0, 0, 1, 0, 0, 5, 0, 0, 0, 2, 0, 0, 0, 0, 1, 0, 0, 0, 1, 2, 0, 0, 0, 0, 0, 0, 0],
[44, 86, 81, 67, 16, 56, 52, 45, 3, 17, 38, 36, 76, 29, 10, 86, 2, 15, 112, 69, 8, 24, 25, 3, 24, 10, 273, 6, 18, 4, 172, 2, 4, 9, 101, 0, 3, 0, 4, 6, 197, 15, 0, 9, 0, 15, 164, 0, 2, 0, 30, 0, 0, 0, 0, 0, 0, 0, 0, 0, 0, 0, 0, 0, 0, 0, 0, 0, 0, 0, 0, 0, 0, 0, 0, 0, 0, 0, 116, 29, 20, 56, 172, 15, 31, 0, 97, 0, 60, 43, 39, 52, 67, 18, 1, 69, 39, 60, 23, 16, 0, 0, 3, 8, 66, 4, 19, 62, 99, 1, 12, 26, 34, 0, 8, 33, 19, 31, 32, 8, 0, 21, 399, 32, 5, 1, 8, 10, 99, 5],
[17, 43, 31, 22, 13, 21, 19, 20, 5, 8, 9, 29, 51, 9, 9, 24, 0, 40, 13, 20, 11, 14, 16, 2, 4, 1, 105, 2, 0, 1, 78, 0, 0, 0, 69, 0, 0, 1, 2, 11, 69, 6, 0, 8, 8, 0, 76, 0, 1, 0, 14, 0, 0, 0, 0, 0, 0, 0, 0, 0, 0, 0, 0, 0, 0, 0, 0, 0, 0, 0, 0, 0, 0, 0, 0, 0, 0, 0, 28, 1, 9, 1, 123, 0, 1, 31, 27, 0, 30, 7, 7, 2, 22, 17, 0, 0, 46, 88, 11, 0, 0, 0, 0, 0, 29, 0, 3, 28, 39, 0, 0, 3, 23, 1, 0, 12, 6, 19, 20, 1, 0, 16, 164, 15, 3, 0, 7, 2, 59, 1],
[28, 38, 25, 18, 7, 19, 18, 11, 11, 8, 23, 39, 50, 23, 23, 37, 0, 37, 26, 27, 5, 11, 12, 0, 5, 3, 105, 0, 10, 0, 70, 2, 0, 3, 91, 0, 1, 2, 0, 17, 90, 7, 0, 5, 8, 6, 64, 0, 1, 2, 20, 0, 0, 0, 0, 0, 0, 0, 0, 0, 0, 0, 0, 0, 0, 0, 0, 0, 0, 0, 0, 0, 0, 0, 0, 0, 0, 0, 61, 1, 20, 0, 138, 0, 0, 49, 50, 0, 3, 10, 0, 1, 38, 0, 0, 19, 9, 71, 24, 0, 2, 0, 3, 5, 32, 0, 8, 41, 43, 1, 1, 23, 11, 0, 3, 23, 4, 31, 21, 10, 0, 38, 159, 4, 3, 0, 1, 5, 42, 0],
[28, 37, 42, 26, 16, 32, 35, 17, 4, 8, 15, 23, 17, 12, 2, 24, 0, 13, 93, 28, 5, 5, 8, 0, 10, 1, 96, 4, 20, 6, 19, 0, 4, 33, 2, 1, 2, 60, 7, 15, 129, 10, 10, 55, 5, 14, 0, 3, 0, 3, 0, 3, 0, 0, 0, 0, 0, 0, 0, 0, 0, 0, 0, 0, 0, 0, 0, 0, 0, 0, 0, 0, 0, 0, 0, 0, 0, 0, 12, 21, 21, 27, 36, 15, 32, 1, 11, 3, 20, 56, 34, 30, 5, 23, 0, 68, 31, 43, 0, 3, 0, 1, 2, 6, 31, 6, 1, 27, 70, 8, 3, 28, 11, 0, 11, 8, 3, 11, 8, 6, 0, 10, 181, 34, 5, 0, 1, 0, 34, 4],
[6, 8, 14, 22, 11, 8, 5, 10, 1, 8, 5, 23, 8, 11, 2, 8, 0, 16, 7, 3, 2, 5, 6, 0, 2, 0, 64, 0, 0, 1, 29, 0, 0, 0, 48, 0, 0, 6, 0, 2, 27, 0, 0, 7, 0, 0, 4, 0, 0, 0, 3, 0, 0, 0, 0, 0, 0, 0, 0, 0, 0, 0, 0, 0, 0, 0, 0, 0, 0, 0, 0, 0, 0, 0, 0, 0, 0, 0, 30, 0, 0, 1, 110, 0, 0, 0, 25, 0, 0, 0, 0, 2, 10, 0, 0, 2, 0, 0, 4, 7, 0, 0, 0, 0, 7, 0, 0, 24, 13, 0, 0, 1, 1, 0, 0, 15, 1, 23, 0, 0, 0, 24, 60, 8, 0, 0, 2, 0, 12, 0],
[4, 19, 10, 25, 1, 4, 11, 15, 1, 8, 4, 17, 10, 13, 0, 16, 0, 20, 23, 19, 3, 3, 5, 0, 12, 2, 75, 0, 0, 0, 39, 0, 1, 1, 2, 1, 0, 1, 0, 4, 116, 0, 0, 1, 2, 1, 0, 0, 0, 0, 1, 0, 0, 0, 0, 0, 0, 0, 0, 0, 0, 0, 0, 0, 0, 0, 0, 0, 0, 0, 0, 0, 0, 0, 0, 0, 0, 0, 36, 2, 2, 5, 64, 5, 1, 0, 22, 0, 13, 20, 3, 26, 2, 6, 0, 8, 11, 16, 0, 0, 0, 0, 0, 3, 3, 1, 0, 36, 33, 2, 1, 8, 1, 0, 0, 5, 1, 22, 1, 0, 0, 14, 80, 9, 1, 0, 1, 2, 24, 0],
[1, 5, 6, 8, 0, 8, 1, 7, 0, 1, 1, 11, 14, 8, 0, 8, 0, 3, 10, 12, 0, 6, 7, 0, 2, 2, 28, 0, 0, 0, 30, 0, 0, 0, 20, 0, 0, 0, 0, 0, 29, 0, 0, 0, 0, 0, 9, 0, 0, 0, 5, 0, 0, 0, 0, 0, 0, 0, 0, 0, 0, 0, 0, 0, 0, 0, 0, 0, 0, 0, 0, 0, 0, 0, 0, 0, 0, 0, 6, 0, 0, 0, 78, 0, 0, 0, 18, 0, 0, 2, 1, 0, 5, 0, 0, 0, 0, 7, 3, 0, 0, 0, 1, 0, 2, 1, 0, 25, 11, 0, 0, 0, 0, 0, 0, 6, 0, 6, 2, 1, 0, 11, 52, 2, 0, 0, 0, 0, 2, 0],
[13, 14, 9, 8, 3, 13, 15, 9, 1, 1, 4, 3, 9, 3, 2, 14, 1, 10, 32, 15, 1, 0, 3, 0, 0, 1, 44, 2, 2, 4, 11, 0, 0, 12, 5, 0, 7, 9, 3, 2, 40, 2, 0, 17, 3, 9, 6, 1, 2, 0, 0, 3, 0, 0, 0, 0, 0, 0, 0, 0, 0, 0, 0, 0, 0, 0, 0, 0, 0, 0, 0, 0, 0, 0, 0, 0, 0, 0, 19, 1, 3, 4, 52, 2, 2, 0, 6, 0, 2, 28, 9, 11, 11, 8, 0, 6, 10, 7, 2, 0, 0, 0, 0, 1, 9, 0, 0, 25, 47, 0, 0, 3, 2, 0, 0, 4, 2, 11, 1, 2, 0, 22, 33, 8, 5, 0, 0, 0, 9, 1],
[3, 10, 7, 7, 1, 8, 7, 7, 1, 0, 3, 10, 15, 4, 6, 4, 0, 9, 7, 7, 1, 4, 4, 0, 1, 5, 44, 0, 0, 2, 15, 0, 0, 0, 26, 0, 0, 1, 0, 1, 23, 0, 0, 1, 0, 0, 16, 0, 0, 0, 0, 2, 0, 0, 0, 0, 0, 0, 0, 0, 0, 0, 0, 0, 0, 0, 0, 0, 0, 0, 0, 0, 0, 0, 0, 0, 0, 0, 10, 0, 0, 0, 66, 0, 0, 1, 16, 0, 0, 1, 1, 0, 12, 0, 0, 0, 0, 0, 3, 1, 0, 0, 1, 19, 3, 0, 0, 17, 10, 0, 0, 0, 1, 0, 1, 7, 3, 10, 9, 0, 0, 15, 38, 5, 0, 0, 0, 0, 12, 0],
[85, 51, 38, 56, 19, 16, 32, 32, 17, 20, 42, 36, 44, 32, 25, 67, 4, 47, 102, 52, 41, 20, 9, 1, 9, 14, 175, 7, 17, 6, 105, 4, 5, 18, 99, 1, 9, 36, 18, 32, 159, 19, 4, 43, 13, 19, 87, 3, 2, 5, 24, 1, 10, 42, 31, 24, 51, 6, 47, 25, 30, 11, 31, 86, 72, 64, 22, 40, 1, 116, 28, 61, 12, 30, 36, 6, 19, 10, 0, 0, 0, 0, 0, 0, 0, 0, 0, 0, 0, 0, 0, 0, 0, 0, 0, 0, 0, 0, 0, 0, 0, 0, 0, 0, 0, 11, 8, 33, 41, 5, 10, 33, 20, 2, 18, 118, 25, 97, 3, 11, 3, 81, 292, 38, 10, 2, 11, 11, 28, 0],
[4, 24, 21, 23, 0, 11, 26, 6, 2, 8, 13, 8, 5, 7, 2, 4, 0, 4, 25, 8, 1, 1, 6, 0, 5, 4, 42, 0, 1, 1, 17, 0, 0, 5, 26, 0, 0, 23, 1, 7, 44, 0, 0, 19, 3, 3, 23, 0, 2, 0, 1, 0, 17, 39, 0, 0, 14, 0, 0, 0, 8, 0, 0, 5, 58, 1, 21, 0, 0, 29, 1, 1, 21, 0, 2, 0, 1, 0, 0, 0, 0, 0, 0, 0, 0, 0, 0, 0, 0, 0, 0, 0, 0, 0, 0, 0, 0, 0, 0, 0, 0, 0, 0, 0, 22, 1, 0, 0, 21, 0, 0, 0, 14, 0, 0, 0, 0, 0, 27, 0, 0, 0, 86, 0, 4, 0, 0, 0, 43, 0],
[14, 21, 28, 19, 12, 13, 15, 9, 0, 1, 8, 12, 12, 7, 2, 19, 1, 8, 21, 14, 1, 3, 4, 0, 7, 5, 48, 3, 1, 2, 29, 0, 0, 12, 36, 0, 0, 13, 5, 3, 36, 7, 0, 28, 1, 3, 23, 0, 2, 1, 3, 0, 35, 1, 23, 0, 17, 0, 0, 0, 33, 0, 0, 16, 0, 40, 16, 0, 0, 20, 9, 20, 21, 0, 2, 0, 3, 0, 0, 0, 0, 0, 0, 0, 0, 0, 0, 0, 0, 0, 0, 0, 0, 0, 0, 0, 0, 0, 0, 0, 0, 0, 0, 0, 21, 0, 0, 0, 33, 0, 0, 77, 12, 0, 28, 0, 0, 0, 23, 0, 0, 0, 32, 12, 0, 0, 0, 0, 18, 0],
[12, 41, 25, 14, 10, 24, 28, 17, 5, 1, 14, 19, 18, 9, 2, 20, 4, 23, 49, 22, 1, 11, 22, 0, 6, 5, 79, 0, 8, 0, 64, 0, 1, 12, 36, 1, 3, 17, 8, 3, 72, 8, 0, 25, 2, 6, 41, 0, 2, 3, 9, 2, 46, 1, 0, 30, 35, 1, 1, 0, 42, 0, 0, 29, 0, 89, 34, 0, 0, 56, 1, 0, 27, 1, 5, 0, 4, 0, 0, 0, 0, 0, 0, 0, 0, 0, 0, 0, 0, 0, 0, 0, 0, 0, 0, 0, 0, 0, 0, 0, 0, 0, 0, 0, 20, 0, 0, 3, 49, 0, 0, 2, 12, 0, 0, 0, 0, 0, 26, 0, 0, 0, 211, 2, 7, 0, 0, 0, 70, 0],
[106, 106, 134, 102, 54, 98, 70, 95, 27, 45, 35, 130, 115, 57, 57, 118, 0, 134, 184, 126, 36, 48, 73, 2, 36, 17, 453, 14, 22, 16, 207, 3, 17, 21, 308, 1, 13, 62, 18, 42, 392, 28, 2, 82, 20, 12, 160, 2, 26, 7, 76, 1, 16, 74, 54, 100, 76, 22, 58, 25, 54, 6, 140, 160, 113, 141, 28, 99, 0, 172, 123, 138, 36, 110, 64, 78, 52, 66, 0, 0, 0, 0, 0, 0, 0, 0, 0, 0, 0, 0, 0, 0, 0, 0, 0, 0, 0, 0, 0, 0, 0, 0, 0, 0, 18, 7, 8, 506, 50, 4, 5, 7, 8, 0, 17, 70, 10, 72, 7, 12, 0, 302, 724, 59, 2, 2, 15, 22, 76, 2],
[5, 21, 19, 10, 0, 7, 15, 13, 0, 3, 8, 8, 5, 10, 0, 9, 2, 12, 20, 13, 0, 1, 11, 0, 3, 3, 33, 1, 3, 0, 25, 0, 0, 8, 18, 0, 2, 12, 0, 2, 38, 2, 0, 12, 0, 0, 41, 0, 0, 0, 1, 0, 17, 0, 0, 0, 15, 64, 0, 0, 23, 0, 2, 16, 3, 1, 19, 0, 1, 15, 0, 0, 15, 0, 5, 0, 2, 0, 0, 0, 0, 0, 0, 0, 0, 0, 0, 0, 0, 0, 0, 0, 0, 0, 0, 0, 0, 0, 0, 0, 0, 0, 0, 0, 11, 0, 0, 0, 6, 24, 0, 0, 4, 0, 0, 0, 0, 0, 7, 0, 0, 0, 107, 16, 2, 0, 0, 0, 21, 0],
[11, 31, 17, 17, 4, 18, 16, 17, 1, 8, 9, 20, 26, 3, 1, 28, 1, 15, 47, 27, 0, 9, 16, 0, 2, 2, 70, 0, 3, 0, 38, 0, 1, 12, 48, 1, 5, 20, 5, 6, 54, 3, 0, 27, 0, 5, 42, 0, 4, 0, 1, 1, 30, 0, 0, 27, 8, 0, 48, 0, 24, 0, 0, 6, 0, 108, 28, 0, 0, 31, 1, 0, 32, 0, 1, 0, 2, 0, 0, 0, 0, 0, 0, 0, 0, 0, 0, 0, 0, 0, 0, 0, 0, 0, 0, 0, 0, 0, 0, 0, 0, 0, 0, 0, 35, 0, 0, 0, 56, 0, 2, 21, 13, 0, 0, 0, 0, 2, 26, 0, 0, 0, 134, 0, 0, 0, 0, 0, 57, 0],
[13, 14, 3, 9, 4, 5, 6, 12, 2, 0, 8, 13, 22, 7, 9, 12, 1, 12, 21, 16, 1, 4, 8, 0, 5, 0, 48, 2, 0, 1, 20, 0, 0, 3, 41, 0, 1, 4, 4, 2, 35, 2, 0, 5, 0, 0, 25, 1, 1, 0, 12, 0, 10, 2, 53, 6, 2, 0, 20, 0, 0, 0, 5, 0, 1, 2, 6, 17, 1, 0, 31, 49, 1, 0, 0, 0, 0, 1, 0, 0, 0, 0, 0, 0, 0, 0, 0, 0, 0, 0, 0, 0, 0, 0, 0, 0, 0, 0, 0, 0, 0, 0, 0, 0, 20, 0, 0, 1, 30, 0, 0, 0, 18, 0, 0, 0, 2, 1, 11, 0, 0, 0, 70, 21, 5, 0, 0, 0, 28, 0],
[59, 36, 40, 33, 18, 27, 24, 16, 15, 6, 28, 37, 51, 20, 30, 41, 8, 56, 65, 38, 23, 17, 8, 4, 10, 12, 141, 7, 8, 3, 115, 2, 6, 11, 62, 0, 4, 27, 12, 26, 112, 13, 4, 41, 9, 10, 73, 0, 6, 3, 25, 2, 37, 29, 15, 43, 23, 17, 31, 5, 2, 8, 24, 64, 45, 51, 25, 29, 2, 97, 27, 50, 11, 25, 22, 18, 6, 16, 0, 0, 0, 0, 0, 0, 0, 0, 0, 0, 0, 0, 0, 0, 0, 0, 0, 0, 0, 0, 0, 0, 0, 0, 0, 0, 53, 2, 69, 58, 92, 7, 9, 1, 6, 1, 17, 30, 17, 91, 7, 9, 0, 19, 164, 49, 0, 0, 0, 17, 0, 3],
[0, 3, 0, 0, 1, 0, 4, 3, 0, 0, 3, 1, 0, 1, 1, 3, 0, 1, 3, 1, 0, 0, 1, 0, 0, 1, 9, 0, 0, 1, 0, 0, 0, 5, 2, 0, 0, 1, 1, 0, 4, 0, 0, 0, 0, 0, 4, 0, 0, 0, 0, 0, 1, 0, 0, 4, 0, 0, 0, 0, 1, 1, 0, 2, 0, 6, 7, 2, 0, 0, 0, 0, 3, 0, 0, 0, 0, 0, 0, 0, 0, 0, 0, 0, 0, 0, 0, 0, 0, 0, 0, 0, 0, 0, 0, 0, 0, 0, 0, 0, 0, 0, 0, 0, 10, 0, 0, 1, 6, 0, 0, 0, 7, 0, 0, 0, 0, 0, 2, 0, 0, 0, 0, 0, 0, 0, 0, 0, 1, 0],
[8, 45, 24, 34, 2, 17, 16, 28, 1, 13, 16, 22, 27, 13, 4, 45, 1, 19, 31, 27, 0, 1, 22, 0, 22, 7, 108, 1, 0, 1, 56, 0, 0, 8, 62, 0, 0, 7, 3, 3, 104, 2, 0, 19, 0, 3, 65, 0, 0, 0, 1, 2, 25, 2, 92, 0, 16, 0, 0, 0, 29, 0, 11, 30, 2, 71, 39, 0, 0, 60, 30, 3, 20, 0, 13, 0, 2, 0, 0, 0, 0, 0, 0, 0, 0, 0, 0, 0, 0, 0, 0, 0, 0, 0, 0, 0, 0, 0, 0, 0, 0, 0, 0, 0, 29, 0, 0, 0, 30, 0, 0, 0, 9, 0, 0, 0, 0, 0, 22, 0, 0, 1, 272, 2, 4, 0, 0, 0, 76, 0],
[34, 35, 38, 41, 10, 31, 30, 33, 10, 12, 12, 7, 41, 22, 16, 37, 3, 26, 78, 35, 5, 16, 26, 0, 8, 3, 106, 5, 10, 9, 85, 1, 2, 37, 66, 1, 7, 2, 8, 14, 120, 9, 0, 17, 3, 12, 54, 11, 16, 5, 8, 1, 72, 15, 5, 8, 59, 1, 10, 4, 75, 0, 2, 115, 1, 4, 63, 8, 0, 43, 7, 10, 56, 0, 20, 2, 28, 1, 0, 0, 0, 0, 0, 0, 0, 0, 0, 0, 0, 0, 0, 0, 0, 0, 0, 0, 0, 0, 0, 0, 0, 0, 0, 0, 44, 1, 0, 26, 116, 2, 0, 0, 23, 0, 7, 23, 8, 3, 15, 5, 0, 0, 245, 14, 2, 0, 0, 0, 75, 0],
[16, 19, 32, 19, 6, 20, 32, 16, 2, 4, 7, 11, 9, 10, 4, 24, 3, 17, 40, 20, 3, 2, 11, 0, 5, 2, 45, 2, 3, 1, 47, 0, 4, 25, 16, 1, 2, 35, 2, 4, 50, 4, 0, 42, 2, 15, 21, 0, 3, 5, 3, 2, 56, 0, 0, 1, 35, 0, 3, 3, 40, 0, 0, 21, 40, 0, 41, 0, 0, 39, 7, 0, 34, 0, 3, 1, 9, 1, 0, 0, 0, 0, 0, 0, 0, 0, 0, 0, 0, 0, 0, 0, 0, 0, 0, 0, 0, 0, 0, 0, 0, 0, 0, 0, 45, 8, 0, 1, 53, 0, 0, 0, 11, 0, 0, 0, 2, 0, 18, 14, 0, 0, 133, 0, 0, 0, 0, 0, 49, 0],
[47, 42, 41, 33, 19, 26, 28, 16, 10, 12, 24, 27, 21, 13, 11, 49, 8, 25, 62, 52, 5, 7, 16, 1, 7, 2, 73, 5, 8, 4, 85, 0, 5, 44, 54, 2, 10, 40, 11, 3, 86, 9, 0, 64, 1, 15, 43, 5, 13, 6, 14, 4, 122, 0, 0, 1, 74, 0, 7, 3, 122, 0, 0, 2, 4, 68, 77, 0, 0, 52, 2, 1, 30, 2, 26, 0, 11, 0, 0, 0, 0, 0, 0, 0, 0, 0, 0, 0, 0, 0, 0, 0, 0, 0, 0, 0, 0, 0, 0, 0, 0, 0, 0, 0, 52, 0, 4, 28, 82, 0, 52, 0, 10, 0, 27, 0, 0, 2, 16, 0, 1, 0, 222, 50, 1, 0, 0, 1, 55, 1],
[49, 40, 37, 31, 23, 15, 27, 13, 8, 14, 25, 18, 30, 14, 12, 40, 0, 22, 70, 37, 13, 6, 8, 3, 6, 3, 97, 3, 12, 3, 79, 1, 4, 19, 72, 0, 3, 22, 10, 23, 80, 16, 0, 40, 10, 7, 33, 2, 1, 2, 23, 2, 5, 33, 28, 31, 13, 6, 36, 19, 19, 8, 17, 48, 22, 27, 50, 30, 0, 67, 22, 38, 5, 10, 2, 5, 11, 12, 0, 0, 0, 0, 0, 0, 0, 0, 0, 0, 0, 0, 0, 0, 0, 0, 0, 0, 0, 0, 0, 0, 0, 0, 0, 0, 1, 9, 6, 12, 8, 6, 15, 1, 11, 0, 10, 33, 10, 93, 16, 16, 0, 29, 203, 41, 8, 0, 20, 6, 8, 2],
[6, 11, 48, 18, 3, 6, 32, 13, 3, 8, 16, 15, 8, 10, 3, 27, 4, 17, 56, 23, 1, 5, 16, 0, 13, 6, 62, 0, 6, 0, 40, 0, 1, 15, 32, 0, 3, 30, 0, 8, 65, 2, 0, 34, 0, 14, 42, 0, 5, 0, 9, 0, 51, 0, 0, 0, 27, 0, 0, 0, 32, 0, 0, 26, 66, 0, 45, 49, 0, 18, 17, 0, 23, 0, 6, 0, 8, 0, 0, 0, 0, 0, 0, 0, 0, 0, 0, 0, 0, 0, 0, 0, 0, 0, 0, 0, 0, 0, 0, 0, 0, 0, 0, 0, 25, 0, 0, 0, 32, 0, 0, 10, 10, 0, 0, 0, 0, 0, 11, 0, 0, 0, 185, 28, 2, 0, 0, 0, 65, 0],
[0, 1, 1, 0, 0, 0, 0, 0, 0, 0, 0, 0, 0, 0, 0, 0, 0, 0, 0, 0, 0, 0, 0, 0, 0, 0, 0, 0, 0, 0, 0, 0, 0, 0, 1, 0, 0, 0, 0, 0, 0, 0, 0, 0, 0, 0, 1, 0, 0, 0, 0, 0, 0, 0, 0, 0, 0, 0, 0, 0, 0, 0, 0, 0, 0, 1, 0, 0, 0, 1, 0, 0, 0, 0, 0, 0, 0, 0, 0, 0, 0, 0, 0, 0, 0, 0, 0, 0, 0, 0, 0, 0, 0, 0, 0, 0, 0, 0, 0, 0, 0, 0, 0, 0, 1, 0, 0, 0, 0, 0, 0, 0, 0, 0, 0, 0, 0, 0, 0, 0, 0, 0, 1, 0, 0, 0, 0, 0, 0, 0],
[42, 34, 41, 23, 15, 27, 20, 20, 14, 5, 23, 35, 35, 11, 12, 29, 4, 10, 86, 34, 11, 10, 11, 0, 11, 3, 85, 6, 11, 1, 80, 4, 6, 43, 42, 0, 7, 19, 18, 33, 75, 14, 0, 17, 9, 13, 47, 3, 14, 3, 10, 6, 122, 13, 8, 12, 82, 2, 9, 8, 68, 4, 4, 0, 1, 2, 50, 9, 0, 69, 0, 19, 68, 2, 8, 0, 6, 0, 0, 0, 0, 0, 0, 0, 0, 0, 0, 0, 0, 0, 0, 0, 0, 0, 0, 0, 0, 0, 0, 0, 0, 0, 0, 0, 61, 6, 0, 20, 91, 4, 4, 0, 28, 0, 8, 13, 11, 13, 28, 5, 0, 12, 168, 29, 5, 0, 0, 0, 60, 0],
[16, 31, 22, 19, 6, 18, 28, 16, 1, 1, 8, 14, 29, 8, 4, 34, 3, 10, 30, 24, 2, 2, 13, 0, 3, 2, 57, 3, 1, 3, 52, 0, 4, 14, 17, 0, 3, 16, 2, 7, 65, 3, 0, 44, 0, 2, 38, 5, 2, 0, 6, 0, 35, 1, 0, 7, 26, 0, 0, 0, 64, 0, 1, 10, 3, 19, 27, 5, 0, 39, 46, 9, 31, 0, 11, 0, 10, 0, 0, 0, 0, 0, 0, 0, 0, 0, 0, 0, 0, 0, 0, 0, 0, 0, 0, 0, 0, 0, 0, 0, 0, 0, 0, 0, 23, 0, 0, 1, 99, 0, 0, 34, 10, 0, 5, 0, 10, 0, 18, 2, 0, 0, 14, 75, 2, 0, 0, 0, 50, 1],
[23, 69, 53, 37, 12, 46, 36, 25, 2, 11, 23, 27, 49, 15, 8, 62, 4, 42, 87, 52, 5, 20, 31, 2, 12, 5, 124, 3, 8, 3, 142, 0, 3, 31, 82, 0, 8, 40, 8, 11, 140, 7, 0, 39, 0, 6, 75, 2, 9, 2, 13, 2, 86, 1, 14, 1, 44, 31, 0, 1, 74, 0, 3, 54, 1, 96, 54, 6, 0, 60, 88, 71, 43, 0, 16, 7, 7, 0, 0, 0, 0, 0, 0, 0, 0, 0, 0, 0, 0, 0, 0, 0, 0, 0, 0, 0, 0, 0, 0, 0, 0, 0, 0, 0, 66, 0, 0, 0, 77, 0, 0, 43, 29, 0, 0, 0, 0, 0, 31, 0, 0, 0, 386, 16, 7, 0, 0, 0, 94, 9],
[18, 22, 17, 10, 5, 8, 15, 9, 10, 8, 17, 15, 19, 10, 10, 16, 0, 17, 45, 19, 6, 9, 6, 1, 3, 4, 60, 0, 8, 4, 42, 0, 2, 13, 31, 0, 0, 16, 8, 15, 47, 7, 0, 14, 4, 5, 40, 0, 2, 0, 1, 0, 26, 20, 13, 15, 12, 3, 24, 14, 4, 5, 13, 25, 13, 17, 26, 12, 7, 23, 11, 24, 0, 4, 0, 3, 2, 3, 0, 0, 0, 0, 0, 0, 0, 0, 0, 0, 0, 0, 0, 0, 0, 0, 0, 0, 0, 0, 0, 0, 0, 0, 0, 0, 8, 3, 0, 7, 16, 2, 5, 0, 4, 0, 4, 17, 43, 14, 0, 15, 0, 17, 137, 18, 0, 0, 1, 4, 3, 1],
[4, 6, 15, 6, 3, 2, 4, 3, 0, 0, 5, 7, 7, 6, 2, 11, 0, 4, 18, 1, 0, 4, 1, 0, 1, 0, 15, 0, 0, 0, 24, 0, 2, 10, 12, 1, 2, 7, 3, 1, 10, 1, 0, 13, 0, 2, 4, 0, 2, 0, 1, 0, 18, 0, 0, 0, 21, 0, 0, 0, 20, 0, 1, 12, 0, 2, 9, 0, 0, 16, 0, 0, 3, 7, 0, 0, 0, 1, 0, 0, 0, 0, 0, 0, 0, 0, 0, 0, 0, 0, 0, 0, 0, 0, 0, 0, 0, 0, 0, 0, 0, 0, 0, 0, 14, 0, 0, 1, 53, 0, 0, 0, 3, 0, 0, 0, 0, 0, 6, 0, 0, 0, 13, 0, 0, 0, 0, 0, 20, 0],
[6, 7, 13, 5, 2, 9, 6, 1, 0, 0, 4, 0, 3, 0, 0, 3, 0, 0, 31, 7, 0, 3, 3, 0, 0, 0, 4, 0, 4, 2, 4, 0, 0, 21, 2, 0, 2, 20, 3, 11, 0, 4, 0, 19, 0, 6, 0, 1, 0, 0, 0, 0, 30, 0, 0, 0, 27, 0, 0, 2, 0, 0, 0, 2, 0, 0, 40, 0, 0, 0, 0, 2, 0, 0, 0, 0, 0, 0, 0, 0, 0, 0, 0, 0, 0, 0, 0, 0, 0, 0, 0, 0, 0, 0, 0, 0, 0, 0, 0, 0, 0, 0, 0, 0, 6, 0, 0, 1, 5, 0, 0, 0, 0, 0, 3, 3, 1, 7, 0, 2, 0, 0, 63, 2, 0, 0, 0, 0, 10, 0],
[1, 1, 0, 2, 0, 3, 0, 0, 0, 0, 0, 0, 0, 0, 1, 1, 0, 0, 0, 0, 0, 0, 0, 0, 0, 0, 0, 0, 0, 0, 1, 0, 0, 0, 0, 0, 0, 3, 0, 0, 0, 0, 0, 4, 0, 1, 0, 0, 0, 0, 0, 0, 3, 0, 0, 0, 3, 0, 0, 0, 1, 0, 0, 0, 0, 0, 1, 0, 0, 0, 0, 0, 1, 0, 0, 0, 0, 0, 0, 0, 0, 0, 0, 0, 0, 0, 0, 0, 0, 0, 0, 0, 0, 0, 0, 0, 0, 0, 0, 0, 0, 0, 0, 0, 1, 0, 0, 0, 0, 0, 0, 0, 1, 0, 0, 0, 0, 0, 1, 0, 0, 0, 0, 0, 0, 0, 0, 0, 6, 0],
[12, 11, 8, 4, 3, 4, 4, 2, 1, 1, 3, 0, 1, 1, 5, 10, 4, 1, 15, 9, 1, 0, 3, 2, 0, 0, 4, 2, 1, 2, 7, 1, 0, 8, 3, 0, 1, 22, 1, 2, 8, 5, 0, 18, 0, 3, 8, 0, 5, 1, 3, 0, 39, 4, 0, 2, 19, 0, 1, 2, 2, 0, 2, 6, 3, 4, 11, 0, 0, 3, 0, 3, 2, 0, 0, 1, 0, 1, 0, 0, 0, 0, 0, 0, 0, 0, 0, 0, 0, 0, 0, 0, 0, 0, 0, 0, 0, 0, 0, 0, 0, 0, 0, 0, 10, 0, 0, 5, 12, 2, 0, 0, 0, 0, 0, 13, 1, 5, 1, 0, 0, 0, 52, 1, 2, 0, 0, 1, 0, 0],
[5, 13, 7, 5, 0, 9, 8, 4, 0, 1, 4, 6, 9, 2, 0, 7, 0, 1, 9, 9, 0, 0, 4, 0, 1, 2, 18, 1, 1, 1, 21, 0, 1, 5, 11, 0, 0, 3, 1, 0, 18, 2, 0, 7, 0, 0, 10, 2, 2, 0, 1, 1, 20, 1, 0, 3, 6, 0, 0, 0, 14, 0, 0, 1, 1, 11, 7, 0, 0, 8, 0, 5, 6, 0, 3, 0, 1, 19, 0, 0, 0, 0, 0, 0, 0, 0, 0, 0, 0, 0, 0, 0, 0, 0, 0, 0, 0, 0, 0, 0, 0, 0, 0, 0, 20, 0, 0, 0, 39, 0, 0, 1, 6, 0, 0, 0, 0, 0, 8, 0, 0, 0, 0, 0, 3, 0, 0, 0, 20, 9],
[42, 39, 38, 28, 5, 20, 24, 29, 6, 7, 23, 32, 44, 19, 9, 51, 4, 22, 64, 44, 8, 18, 15, 2, 11, 12, 155, 6, 8, 4, 71, 1, 7, 31, 65, 2, 2, 13, 4, 14, 98, 4, 0, 28, 8, 7, 72, 1, 2, 1, 12, 0, 48, 26, 27, 12, 32, 9, 18, 7, 38, 3, 16, 55, 21, 70, 34, 18, 0, 66, 29, 32, 31, 7, 3, 2, 9, 3, 0, 22, 21, 20, 18, 11, 35, 20, 53, 10, 29, 44, 45, 52, 1, 25, 1, 61, 23, 66, 8, 14, 6, 1, 10, 20, 0, 0, 0, 0, 0, 0, 0, 0, 0, 0, 0, 0, 0, 0, 0, 0, 0, 0, 0, 0, 0, 0, 0, 0, 0, 0],
[2, 1, 12, 3, 1, 0, 0, 2, 1, 1, 3, 0, 1, 5, 0, 0, 0, 3, 9, 0, 0, 1, 1, 0, 0, 2, 9, 0, 3, 0, 10, 0, 0, 4, 4, 0, 0, 3, 0, 1, 6, 0, 1, 3, 0, 1, 1, 0, 1, 1, 0, 0, 2, 7, 1, 2, 3, 0, 0, 3, 2, 2, 1, 3, 1, 2, 6, 0, 1, 4, 0, 0, 6, 0, 1, 1, 0, 0, 11, 1, 0, 0, 7, 0, 0, 0, 2, 0, 0, 1, 8, 0, 9, 0, 0, 6, 0, 0, 3, 0, 0, 0, 0, 0, 0, 0, 0, 0, 0, 0, 0, 0, 0, 0, 0, 0, 0, 0, 0, 0, 0, 0, 0, 0, 0, 0, 0, 0, 0, 0],
[10, 4, 9, 6, 2, 2, 2, 3, 3, 0, 0, 5, 7, 2, 7, 2, 0, 5, 6, 7, 2, 4, 0, 4, 2, 1, 12, 0, 2, 1, 17, 0, 1, 2, 5, 0, 0, 2, 2, 2, 18, 0, 0, 10, 5, 0, 10, 0, 0, 0, 5, 1, 3, 6, 1, 7, 5, 1, 2, 1, 3, 0, 0, 9, 11, 9, 3, 3, 0, 19, 3, 8, 1, 0, 0, 0, 0, 0, 8, 0, 0, 0, 8, 0, 0, 0, 69, 0, 0, 0, 0, 4, 6, 0, 0, 0, 0, 0, 0, 0, 0, 0, 0, 0, 0, 0, 0, 0, 0, 0, 0, 0, 0, 0, 0, 0, 0, 0, 0, 0, 0, 0, 0, 0, 0, 0, 0, 0, 0, 0],
[48, 39, 39, 33, 23, 32, 22, 37, 13, 15, 3, 42, 43, 17, 20, 39, 2, 42, 72, 43, 21, 15, 27, 0, 15, 2, 158, 5, 15, 8, 69, 3, 7, 11, 94, 1, 4, 25, 6, 18, 136, 17, 2, 32, 5, 6, 45, 1, 7, 2, 26, 1, 32, 20, 15, 30, 32, 8, 16, 12, 22, 0, 45, 48, 24, 42, 37, 36, 0, 62, 28, 41, 27, 24, 36, 25, 25, 17, 33, 0, 0, 3, 506, 0, 0, 1, 58, 1, 0, 26, 1, 28, 12, 0, 0, 20, 1, 0, 7, 1, 1, 0, 5, 0, 0, 0, 0, 0, 0, 0, 0, 0, 0, 0, 0, 0, 0, 0, 0, 0, 0, 0, 0, 0, 0, 0, 0, 0, 0, 0],
[76, 76, 82, 51, 35, 50, 59, 30, 15, 12, 29, 42, 64, 23, 23, 74, 7, 65, 126, 71, 20, 21, 26, 0, 11, 9, 158, 6, 7, 5, 161, 3, 9, 41, 82, 1, 7, 68, 20, 25, 203, 19, 1, 100, 9, 27, 72, 10, 18, 11, 27, 7, 115, 24, 26, 42, 85, 9, 38, 7, 117, 1, 9, 40, 28, 82, 88, 16, 5, 99, 39, 43, 70, 13, 33, 11, 47, 10, 41, 21, 33, 49, 50, 6, 56, 30, 92, 6, 30, 116, 53, 82, 8, 32, 0, 91, 99, 77, 16, 53, 5, 0, 12, 39, 0, 0, 0, 0, 0, 0, 0, 0, 0, 0, 0, 0, 0, 0, 0, 0, 0, 0, 0, 0, 0, 0, 0, 0, 0, 0],
[0, 2, 4, 3, 0, 2, 10, 2, 0, 0, 3, 0, 1, 1, 0, 5, 3, 0, 13, 5, 0, 0, 2, 0, 0, 0, 6, 0, 3, 0, 4, 0, 0, 5, 1, 0, 3, 7, 0, 1, 8, 1, 0, 11, 0, 0, 3, 0, 2, 0, 1, 0, 10, 0, 1, 0, 9, 0, 0, 0, 6, 0, 0, 3, 0, 6, 9, 0, 0, 1, 0, 1, 8, 0, 2, 0, 0, 0, 5, 0, 0, 0, 4, 24, 0, 0, 7, 0, 0, 2, 0, 0, 6, 0, 0, 4, 0, 0, 2, 0, 0, 0, 2, 0, 0, 0, 0, 0, 0, 0, 0, 0, 0, 0, 0, 0, 0, 0, 0, 0, 0, 0, 0, 0, 0, 0, 0, 0, 0, 0],
[7, 8, 6, 6, 7, 1, 2, 3, 2, 0, 8, 2, 1, 1, 5, 7, 0, 8, 19, 2, 5, 0, 2, 0, 0, 0, 1, 1, 5, 0, 12, 1, 0, 9, 4, 0, 2, 10, 4, 7, 10, 7, 1, 10, 0, 5, 4, 0, 3, 2, 4, 0, 21, 3, 1, 1, 4, 2, 1, 1, 25, 1, 0, 7, 1, 2, 13, 2, 0, 12, 0, 1, 3, 0, 1, 0, 0, 0, 10, 0, 0, 0, 5, 0, 2, 0, 9, 0, 0, 0, 0, 52, 15, 0, 0, 4, 0, 0, 5, 0, 0, 0, 0, 0, 0, 0, 0, 0, 0, 0, 0, 0, 0, 0, 0, 0, 0, 0, 0, 0, 0, 0, 0, 0, 0, 0, 0, 0, 0, 0],
[13, 19, 13, 12, 1, 12, 16, 14, 1, 0, 10, 16, 15, 5, 5, 9, 2, 8, 33, 10, 3, 2, 5, 0, 5, 1, 41, 2, 1, 0, 36, 0, 0, 9, 23, 0, 1, 11, 5, 6, 35, 3, 0, 17, 1, 2, 29, 0, 2, 0, 5, 1, 21, 1, 2, 2, 13, 0, 0, 1, 28, 1, 4, 19, 7, 25, 14, 0, 0, 26, 3, 23, 28, 1, 8, 0, 3, 0, 33, 0, 77, 2, 7, 0, 21, 0, 1, 0, 0, 0, 0, 0, 1, 10, 0, 0, 34, 43, 0, 0, 0, 0, 0, 1, 0, 0, 0, 0, 0, 0, 0, 0, 0, 0, 0, 0, 0, 0, 0, 0, 0, 0, 0, 0, 0, 0, 0, 0, 0, 0],
[23, 24, 24, 13, 5, 9, 9, 7, 5, 1, 16, 14, 14, 7, 7, 24, 0, 9, 24, 22, 6, 2, 1, 1, 0, 2, 65, 3, 5, 1, 30, 0, 5, 16, 29, 0, 2, 6, 5, 4, 34, 2, 0, 15, 5, 4, 31, 1, 1, 0, 3, 2, 30, 7, 10, 10, 7, 2, 4, 2, 12, 2, 7, 22, 14, 24, 22, 8, 2, 34, 23, 11, 11, 1, 1, 0, 2, 1, 20, 14, 12, 12, 8, 4, 13, 18, 6, 7, 9, 23, 11, 10, 11, 10, 0, 28, 10, 29, 4, 3, 0, 1, 0, 6, 0, 0, 0, 0, 0, 0, 0, 0, 0, 0, 0, 0, 0, 0, 0, 0, 0, 0, 0, 0, 0, 0, 0, 0, 0, 0],
[1, 1, 0, 0, 0, 1, 0, 0, 0, 0, 0, 0, 0, 0, 0, 0, 0, 0, 0, 0, 0, 0, 0, 0, 0, 0, 2, 0, 0, 0, 0, 1, 0, 0, 0, 0, 0, 0, 0, 0, 0, 0, 0, 0, 0, 0, 0, 0, 0, 0, 0, 0, 0, 0, 0, 0, 0, 0, 0, 0, 0, 0, 0, 2, 0, 0, 0, 0, 0, 0, 1, 0, 0, 0, 0, 0, 0, 0, 2, 0, 0, 0, 0, 0, 0, 0, 1, 0, 0, 0, 0, 0, 0, 0, 0, 0, 0, 0, 0, 0, 0, 0, 0, 0, 0, 0, 0, 0, 0, 0, 0, 0, 0, 0, 0, 0, 0, 0, 0, 0, 0, 0, 0, 0, 0, 0, 0, 0, 0, 0],
[8, 12, 15, 4, 2, 3, 6, 4, 1, 0, 9, 0, 4, 1, 0, 8, 2, 2, 32, 22, 2, 0, 4, 0, 3, 0, 18, 3, 2, 0, 4, 0, 0, 15, 2, 0, 3, 21, 7, 6, 12, 6, 0, 24, 0, 5, 8, 0, 7, 0, 1, 0, 25, 2, 1, 0, 20, 0, 0, 0, 24, 2, 1, 7, 3, 1, 25, 10, 0, 8, 0, 3, 11, 0, 0, 0, 0, 1, 18, 0, 28, 0, 17, 0, 0, 0, 17, 0, 0, 7, 0, 27, 10, 0, 0, 8, 5, 0, 4, 0, 3, 0, 0, 0, 0, 0, 0, 0, 0, 0, 0, 0, 0, 0, 0, 0, 0, 0, 0, 0, 0, 0, 0, 0, 0, 0, 0, 0, 0, 0],
[24, 15, 20, 14, 7, 10, 13, 7, 7, 10, 16, 7, 14, 15, 6, 19, 1, 17, 55, 17, 5, 7, 5, 2, 3, 4, 38, 1, 6, 0, 43, 0, 0, 23, 31, 0, 5, 8, 2, 12, 49, 12, 0, 34, 1, 5, 27, 2, 8, 1, 12, 0, 21, 15, 9, 12, 24, 3, 16, 8, 23, 0, 8, 9, 18, 11, 18, 12, 0, 33, 12, 23, 8, 15, 5, 6, 4, 7, 118, 0, 0, 0, 70, 0, 0, 0, 30, 0, 0, 23, 0, 0, 33, 0, 0, 13, 0, 0, 17, 0, 3, 0, 13, 0, 0, 0, 0, 0, 0, 0, 0, 0, 0, 0, 0, 0, 0, 0, 0, 0, 0, 0, 0, 0, 0, 0, 0, 0, 0, 0],
[13, 7, 8, 7, 4, 6, 5, 7, 6, 3, 6, 4, 2, 3, 8, 7, 0, 3, 24, 4, 4, 2, 1, 1, 2, 3, 16, 5, 3, 5, 18, 0, 2, 13, 10, 0, 2, 12, 3, 10, 15, 2, 0, 6, 2, 5, 7, 0, 2, 1, 1, 0, 20, 1, 3, 5, 15, 0, 7, 2, 11, 1, 6, 13, 1, 5, 11, 0, 0, 19, 6, 4, 3, 1, 1, 0, 2, 3, 25, 0, 0, 0, 10, 0, 0, 2, 17, 0, 0, 8, 2, 0, 10, 0, 0, 11, 10, 0, 43, 0, 1, 0, 1, 0, 0, 0, 0, 0, 0, 0, 0, 0, 0, 0, 0, 0, 0, 0, 0, 0, 0, 0, 0, 0, 0, 0, 0, 0, 0, 0],
[34, 22, 22, 18, 14, 9, 12, 13, 6, 7, 8, 27, 13, 4, 10, 29, 4, 32, 51, 22, 13, 5, 7, 2, 10, 6, 79, 2, 4, 7, 43, 0, 2, 11, 37, 2, 4, 18, 4, 15, 77, 7, 0, 21, 4, 10, 27, 1, 7, 2, 14, 2, 16, 9, 13, 10, 26, 0, 22, 4, 10, 5, 10, 18, 39, 12, 20, 21, 1, 31, 19, 31, 11, 23, 22, 6, 11, 10, 97, 0, 0, 0, 72, 0, 2, 1, 91, 0, 0, 3, 0, 2, 93, 0, 0, 13, 0, 0, 14, 0, 7, 0, 5, 0, 0, 0, 0, 0, 0, 0, 0, 0, 0, 0, 0, 0, 0, 0, 0, 0, 0, 0, 0, 0, 0, 0, 0, 0, 0, 0],
[21, 29, 34, 22, 3, 10, 22, 7, 7, 5, 9, 9, 20, 7, 3, 33, 2, 16, 31, 14, 1, 4, 7, 0, 6, 8, 72, 1, 3, 2, 42, 0, 4, 20, 40, 1, 1, 7, 9, 4, 50, 2, 0, 14, 5, 2, 42, 2, 2, 0, 4, 1, 19, 7, 19, 8, 13, 6, 8, 5, 22, 0, 1, 26, 24, 46, 21, 11, 0, 32, 20, 21, 8, 0, 1, 2, 1, 9, 3, 27, 23, 26, 7, 7, 26, 11, 7, 2, 22, 15, 18, 16, 16, 11, 0, 28, 18, 31, 0, 6, 0, 1, 1, 8, 0, 0, 0, 0, 0, 0, 0, 0, 0, 0, 0, 0, 0, 0, 0, 0, 0, 0, 0, 0, 0, 0, 0, 0, 0, 0],
[7, 3, 9, 0, 1, 3, 8, 1, 0, 3, 3, 2, 1, 1, 2, 5, 0, 3, 23, 8, 3, 0, 5, 0, 0, 0, 9, 1, 6, 0, 10, 0, 0, 14, 5, 0, 1, 8, 0, 6, 1, 1, 0, 9, 2, 8, 4, 0, 3, 1, 2, 0, 7, 2, 2, 1, 13, 0, 0, 1, 6, 0, 0, 10, 1, 4, 16, 0, 0, 8, 1, 10, 6, 0, 0, 1, 2, 0, 11, 0, 0, 0, 12, 0, 0, 0, 9, 0, 0, 5, 14, 0, 16, 0, 0, 5, 2, 0, 15, 0, 2, 0, 0, 0, 0, 0, 0, 0, 0, 0, 0, 0, 0, 0, 0, 0, 0, 0, 0, 0, 0, 0, 0, 0, 0, 0, 0, 0, 0, 0],
[0, 0, 0, 0, 0, 0, 0, 0, 0, 0, 0, 0, 0, 0, 0, 0, 1, 0, 0, 2, 1, 0, 0, 0, 0, 0, 2, 0, 0, 0, 0, 0, 0, 0, 0, 0, 0, 0, 1, 0, 0, 0, 0, 1, 0, 0, 0, 0, 0, 0, 0, 0, 1, 0, 0, 0, 0, 0, 0, 0, 1, 1, 0, 1, 0, 0, 0, 0, 0, 0, 0, 0, 0, 0, 0, 0, 0, 0, 3, 0, 0, 0, 0, 0, 0, 0, 0, 0, 0, 0, 0, 1, 0, 0, 0, 0, 0, 0, 0, 0, 0, 0, 0, 0, 0, 0, 0, 0, 0, 0, 0, 0, 0, 0, 0, 0, 0, 0, 0, 0, 0, 0, 0, 0, 0, 0, 0, 0, 0, 0],
[31, 21, 24, 28, 15, 25, 17, 17, 9, 8, 10, 27, 25, 14, 18, 21, 1, 16, 67, 31, 5, 12, 15, 0, 3, 1, 105, 2, 8, 3, 43, 3, 4, 14, 73, 0, 4, 21, 10, 11, 62, 11, 0, 19, 9, 7, 34, 0, 8, 1, 9, 0, 12, 24, 11, 22, 25, 8, 27, 9, 20, 0, 32, 32, 19, 18, 11, 19, 1, 21, 16, 38, 10, 24, 14, 11, 22, 15, 81, 0, 0, 0, 302, 0, 0, 0, 19, 0, 1, 0, 0, 0, 29, 0, 0, 12, 0, 0, 17, 0, 0, 0, 0, 0, 0, 0, 0, 0, 0, 0, 0, 0, 0, 0, 0, 0, 0, 0, 0, 0, 0, 0, 0, 0, 0, 0, 0, 0, 0, 0],
[162, 277, 245, 229, 75, 187, 195, 175, 31, 81, 156, 196, 228, 117, 75, 254, 17, 187, 395, 261, 23, 75, 150, 3, 83, 37, 756, 17, 40, 18, 542, 3, 17, 112, 482, 2, 35, 183, 43, 64, 710, 42, 2, 222, 14, 43, 393, 15, 33, 16, 102, 8, 391, 76, 136, 94, 292, 79, 85, 37, 303, 19, 96, 304, 159, 321, 266, 88, 2, 399, 164, 159, 181, 60, 80, 52, 33, 38, 292, 86, 32, 211, 724, 107, 134, 70, 164, 0, 272, 245, 133, 222, 203, 185, 1, 168, 14, 386, 137, 13, 63, 0, 52, 0, 0, 0, 0, 0, 0, 0, 0, 0, 0, 0, 0, 0, 0, 0, 0, 0, 0, 0, 0, 0, 0, 0, 0, 0, 0, 0],
[39, 36, 38, 30, 18, 20, 30, 11, 11, 3, 13, 11, 17, 8, 11, 26, 7, 25, 63, 16, 11, 4, 16, 0, 5, 4, 48, 6, 6, 6, 60, 1, 4, 25, 47, 0, 5, 37, 15, 22, 47, 16, 1, 59, 3, 9, 38, 4, 7, 2, 4, 1, 68, 13, 22, 5, 51, 1, 17, 4, 58, 3, 2, 22, 13, 18, 48, 11, 0, 32, 15, 4, 34, 8, 9, 2, 8, 5, 38, 0, 12, 2, 59, 16, 0, 21, 49, 0, 2, 14, 0, 50, 41, 28, 0, 29, 75, 16, 18, 0, 2, 0, 1, 0, 0, 0, 0, 0, 0, 0, 0, 0, 0, 0, 0, 0, 0, 0, 0, 0, 0, 0, 0, 0, 0, 0, 0, 0, 0, 0],
[2, 9, 5, 0, 0, 3, 0, 3, 0, 1, 6, 1, 3, 4, 1, 10, 1, 0, 5, 3, 2, 5, 2, 0, 0, 0, 17, 0, 0, 1, 7, 0, 0, 4, 9, 0, 0, 0, 0, 1, 15, 0, 0, 2, 0, 1, 9, 0, 0, 0, 0, 0, 4, 0, 3, 3, 0, 0, 2, 0, 6, 2, 4, 2, 3, 13, 1, 1, 0, 5, 3, 3, 5, 0, 1, 0, 5, 0, 10, 4, 0, 7, 2, 2, 0, 5, 0, 0, 4, 2, 0, 1, 8, 2, 0, 5, 2, 7, 0, 0, 0, 0, 2, 3, 0, 0, 0, 0, 0, 0, 0, 0, 0, 0, 0, 0, 0, 0, 0, 0, 0, 0, 0, 0, 0, 0, 0, 0, 0, 0],
[0, 0, 0, 0, 0, 0, 1, 0, 0, 0, 0, 0, 0, 0, 1, 1, 0, 0, 1, 0, 0, 0, 0, 0, 0, 0, 2, 0, 1, 0, 0, 0, 0, 0, 0, 0, 0, 1, 0, 0, 0, 0, 0, 0, 0, 0, 0, 0, 0, 0, 0, 0, 0, 0, 0, 0, 0, 0, 0, 1, 0, 0, 0, 1, 0, 1, 0, 0, 0, 1, 0, 0, 0, 0, 0, 0, 0, 0, 2, 0, 0, 0, 2, 0, 0, 0, 0, 0, 0, 0, 0, 0, 0, 0, 0, 0, 0, 0, 0, 0, 0, 0, 0, 0, 0, 0, 0, 0, 0, 0, 0, 0, 0, 0, 0, 0, 0, 0, 0, 0, 0, 0, 0, 0, 0, 0, 0, 0, 0, 0],
[2, 2, 1, 0, 6, 0, 0, 0, 3, 0, 2, 0, 1, 2, 1, 5, 0, 3, 9, 2, 5, 2, 0, 0, 1, 0, 6, 1, 2, 1, 6, 0, 0, 3, 4, 0, 0, 0, 3, 9, 2, 2, 1, 1, 1, 2, 0, 0, 1, 1, 1, 0, 1, 4, 0, 4, 1, 0, 0, 4, 0, 0, 1, 4, 4, 1, 1, 2, 0, 8, 7, 1, 1, 2, 1, 0, 0, 0, 11, 0, 0, 0, 15, 0, 0, 0, 0, 0, 0, 0, 0, 0, 20, 0, 0, 0, 0, 0, 1, 0, 0, 0, 0, 0, 0, 0, 0, 0, 0, 0, 0, 0, 0, 0, 0, 0, 0, 0, 0, 0, 0, 0, 0, 0, 0, 0, 0, 0, 0, 0],
[2, 3, 10, 2, 2, 2, 1, 2, 2, 0, 1, 4, 3, 0, 0, 4, 0, 9, 3, 2, 6, 3, 0, 1, 0, 0, 12, 0, 0, 2, 15, 0, 0, 3, 7, 0, 0, 0, 2, 7, 6, 0, 0, 1, 0, 0, 3, 0, 0, 0, 4, 0, 2, 4, 0, 7, 0, 4, 0, 0, 0, 0, 0, 12, 9, 2, 1, 2, 0, 10, 2, 5, 0, 0, 2, 0, 0, 0, 11, 0, 0, 0, 22, 0, 0, 0, 17, 0, 0, 0, 0, 1, 6, 0, 0, 0, 0, 0, 4, 0, 0, 0, 1, 0, 0, 0, 0, 0, 0, 0, 0, 0, 0, 0, 0, 0, 0, 0, 0, 0, 0, 0, 0, 0, 0, 0, 0, 0, 0, 0],
[26, 85, 62, 61, 5, 52, 66, 43, 2, 25, 19, 47, 64, 31, 9, 80, 1, 48, 64, 57, 10, 17, 35, 0, 15, 9, 166, 2, 5, 0, 140, 0, 2, 12, 124, 0, 4, 33, 5, 13, 217, 11, 0, 29, 2, 13, 141, 0, 4, 1, 7, 2, 57, 27, 33, 38, 35, 20, 32, 2, 37, 0, 13, 66, 48, 110, 77, 45, 0, 99, 59, 42, 34, 12, 24, 2, 9, 12, 28, 43, 18, 70, 76, 21, 57, 28, 0, 1, 76, 75, 49, 55, 8, 65, 0, 60, 50, 94, 3, 20, 10, 6, 0, 20, 0, 0, 0, 0, 0, 0, 0, 0, 0, 0, 0, 0, 0, 0, 0, 0, 0, 0, 0, 0, 0, 0, 0, 0, 0, 0],
[3, 1, 2, 0, 0, 1, 2, 2, 0, 0, 2, 0, 1, 1, 0, 3, 0, 0, 6, 1, 0, 0, 3, 0, 0, 0, 3, 1, 1, 0, 2, 0, 0, 3, 1, 0, 0, 3, 0, 0, 3, 2, 1, 5, 1, 0, 0, 0, 1, 0, 0, 1, 3, 0, 0, 0, 0, 1, 0, 0, 7, 0, 0, 1, 0, 0, 4, 1, 0, 5, 1, 0, 4, 0, 0, 0, 1, 0, 0, 0, 0, 0, 2, 0, 0, 0, 3, 0, 0, 0, 0, 1, 2, 0, 0, 0, 1, 9, 1, 0, 0, 0, 0, 9, 0, 0, 0, 0, 0, 0, 0, 0, 0, 0, 0, 0, 0, 0, 0, 0, 0, 0, 0, 0, 0, 0, 0, 0, 0, 0]]